0.457627118644,1
0.525423728814,2
0.508474576271,3
0.491525423729,4
0.559322033898,5
0.406779661017,6
0.542372881356,7
0.508474576271,8
0.542372881356,9
0.423728813559,10
0.491525423729,11
0.440677966102,12
0.576271186441,13
0.525423728814,14
0.474576271186,15
0.508474576271,16
0.576271186441,17
0.457627118644,18
0.28813559322,19
0.610169491525,20
0.474576271186,21
0.559322033898,22
0.525423728814,23
0.474576271186,24
0.677966101695,25
0.423728813559,26
0.372881355932,27
0.372881355932,28
0.593220338983,29
0.542372881356,30
0.406779661017,31
0.305084745763,32
0.593220338983,33
0.457627118644,34
0.593220338983,35
0.525423728814,36
0.627118644068,37
0.559322033898,38
0.406779661017,39
0.627118644068,40
0.728813559322,41
0.576271186441,42
0.542372881356,43
0.559322033898,44
0.372881355932,45
0.322033898305,46
0.694915254237,47
0.271186440678,48
0.271186440678,49
0.71186440678,50
0.474576271186,51
0.457627118644,52
0.440677966102,53
0.338983050847,54
0.508474576271,55
0.338983050847,56
0.508474576271,57
0.610169491525,58
0.338983050847,59
0.542372881356,60
0.305084745763,61
0.576271186441,62
0.322033898305,63
0.542372881356,64
0.372881355932,65
0.64406779661,66
0.491525423729,67
0.474576271186,68
0.457627118644,69
0.35593220339,70
0.576271186441,71
0.406779661017,72
0.491525423729,73
0.576271186441,74
0.423728813559,75
0.28813559322,76
0.457627118644,77
0.525423728814,78
0.457627118644,79
0.28813559322,80
0.423728813559,81
0.389830508475,82
0.491525423729,83
0.525423728814,84
0.677966101695,85
0.491525423729,86
0.593220338983,87
0.559322033898,88
0.525423728814,89
0.508474576271,90
0.525423728814,91
0.542372881356,92
0.542372881356,93
0.576271186441,94
0.491525423729,95
0.491525423729,96
0.440677966102,97
0.322033898305,98
0.508474576271,99
0.423728813559,100
