0.857142857143,1
0.80612244898,2
0.841836734694,3
0.492385786802,4
0.477157360406,5
0.698979591837,6
0.832487309645,7
0.744897959184,8
0.746192893401,9
0.836734693878,10
0.658163265306,11
0.852791878173,12
0.622448979592,13
0.841836734694,14
0.862244897959,15
0.790816326531,16
0.84693877551,17
0.836734693878,18
0.59693877551,19
0.795918367347,20
0.877551020408,21
0.84693877551,22
0.532994923858,23
0.801020408163,24
0.418367346939,25
0.629441624365,26
0.688775510204,27
0.836734693878,28
0.847715736041,29
0.827411167513,30
0.647959183673,31
0.387755102041,32
0.719387755102,33
0.872448979592,34
0.84693877551,35
0.841836734694,36
0.84693877551,37
0.832487309645,38
0.744897959184,39
0.53807106599,40
0.84693877551,41
0.857142857143,42
0.862244897959,43
0.719387755102,44
0.841836734694,45
0.90306122449,46
0.647959183673,47
0.852040816327,48
0.489795918367,49
0.84693877551,50
0.637755102041,51
0.841836734694,52
0.887755102041,53
0.719387755102,54
0.826530612245,55
0.877551020408,56
0.25,57
0.831632653061,58
0.760204081633,59
0.913265306122,60
0.836734693878,61
0.827411167513,62
0.84693877551,63
0.649746192893,64
0.873096446701,65
0.832487309645,66
0.719387755102,67
0.821428571429,68
0.535714285714,69
0.744897959184,70
0.525510204082,71
0.515306122449,72
0.690355329949,73
0.862944162437,74
0.80612244898,75
0.510204081633,76
0.847715736041,77
0.867346938776,78
0.525510204082,79
0.867346938776,80
0.84693877551,81
0.852040816327,82
0.790816326531,83
0.90306122449,84
0.566326530612,85
0.627551020408,86
0.837563451777,87
0.832487309645,88
0.857142857143,89
0.867346938776,90
0.842639593909,91
0.852040816327,92
0.811224489796,93
0.771573604061,94
0.816326530612,95
0.591836734694,96
0.842639593909,97
0.604060913706,98
0.841836734694,99
0.484693877551,100
