0.553299492386,1
0.448979591837,2
0.84693877551,3
0.624365482234,4
0.857142857143,5
0.84693877551,6
0.831632653061,7
0.642857142857,8
0.469387755102,9
0.624365482234,10
0.847715736041,11
0.852040816327,12
0.382653061224,13
0.872448979592,14
0.566326530612,15
0.836734693878,16
0.382653061224,17
0.918367346939,18
0.720812182741,19
0.84693877551,20
0.816326530612,21
0.685279187817,22
0.604060913706,23
0.836734693878,24
0.766497461929,25
0.790816326531,26
0.841836734694,27
0.725888324873,28
0.831632653061,29
0.862244897959,30
0.892857142857,31
0.873096446701,32
0.841836734694,33
0.775510204082,34
0.841836734694,35
0.239795918367,36
0.862244897959,37
0.837563451777,38
0.632653061224,39
0.831632653061,40
0.852040816327,41
0.817258883249,42
0.780612244898,43
0.484693877551,44
0.821428571429,45
0.857142857143,46
0.647959183673,47
0.467005076142,48
0.811224489796,49
0.350253807107,50
0.0969387755102,51
0.816326530612,52
0.474489795918,53
0.474489795918,54
0.586734693878,55
0.688775510204,56
0.868020304569,57
0.857142857143,58
0.530612244898,59
0.551020408163,60
0.84693877551,61
0.637755102041,62
0.847715736041,63
0.658163265306,64
0.765306122449,65
0.847715736041,66
0.841836734694,67
0.847715736041,68
0.841836734694,69
0.765306122449,70
0.888324873096,71
0.837563451777,72
0.831632653061,73
0.397959183673,74
0.84693877551,75
0.515306122449,76
0.807106598985,77
0.862244897959,78
0.755102040816,79
0.842639593909,80
0.5,81
0.832487309645,82
0.612244897959,83
0.862244897959,84
0.162436548223,85
0.765306122449,86
0.760204081633,87
0.583756345178,88
0.392857142857,89
0.84693877551,90
0.84693877551,91
0.673469387755,92
0.862244897959,93
0.801020408163,94
0.882653061224,95
0.744897959184,96
0.842639593909,97
0.862944162437,98
0.826530612245,99
0.852040816327,100
0.862244897959,101
0.734693877551,102
0.821428571429,103
0.790816326531,104
0.841836734694,105
0.841836734694,106
0.688775510204,107
0.826530612245,108
0.725888324873,109
0.416243654822,110
0.428571428571,111
0.867346938776,112
0.847715736041,113
0.739795918367,114
0.780612244898,115
0.862244897959,116
0.852040816327,117
0.826530612245,118
0.780612244898,119
0.714285714286,120
0.467005076142,121
0.729591836735,122
0.862944162437,123
0.831632653061,124
0.80612244898,125
0.841836734694,126
0.530612244898,127
0.862244897959,128
0.857868020305,129
0.790816326531,130
0.816326530612,131
0.84693877551,132
0.80612244898,133
0.867346938776,134
0.868020304569,135
0.826530612245,136
0.704081632653,137
0.540816326531,138
0.591836734694,139
0.826530612245,140
0.760204081633,141
0.790816326531,142
0.841836734694,143
0.5,144
0.836734693878,145
0.617346938776,146
0.852040816327,147
0.362244897959,148
0.872448979592,149
0.622448979592,150
0.795918367347,151
0.649746192893,152
0.857142857143,153
0.238578680203,154
0.822335025381,155
0.867346938776,156
0.744897959184,157
0.724489795918,158
0.847715736041,159
0.852040816327,160
0.795918367347,161
0.408163265306,162
0.739795918367,163
0.826530612245,164
0.883248730964,165
0.84693877551,166
0.576530612245,167
0.826530612245,168
0.836734693878,169
0.122448979592,170
0.780612244898,171
0.229591836735,172
0.507614213198,173
0.862244897959,174
0.857142857143,175
0.734693877551,176
0.632653061224,177
0.673469387755,178
0.852791878173,179
0.558375634518,180
0.801020408163,181
0.75,182
0.882653061224,183
0.857142857143,184
0.84693877551,185
0.591836734694,186
0.903553299492,187
0.785714285714,188
0.852040816327,189
0.522842639594,190
0.786802030457,191
0.106598984772,192
0.857142857143,193
0.755102040816,194
0.670050761421,195
0.826530612245,196
0.867346938776,197
0.878172588832,198
0.69387755102,199
0.607142857143,200
