#Size Order Assortativity Transitivity Degree Coreness Number_Triangles Number_Cliques Clique_Number Clustering Edge_connectivity Eccentricity Diameter Closeness Betweeness Density Radius Square_clust Communicability Ave_Node_conn Pagerank 
36682,88328,-0.021,0.002,0.00013,2.0,0.0,36682,1,0.0,0,0,0,0,0,0,0,0,0,0,0
10876,39994,-0.008,0.002,0.00068,3.0,0.0,10876,1,0.0,0,19.0,25,0.05913,0.0,0.000338139867176,15,0,0,0,0
8717,31525,-0.003,0.004,0.00083,3.0,0.0,8717,1,0.0,0,0,0,0,0,0,0,0,0,0,0
8114,26013,-0.033,0.01,0.00079,3.0,0.0,8114,1,0.0,0,0,0,0,0,0,0,0,0,0,0
6301,20777,-0.029,0.012,0.00105,3.0,0.0,6301,1,0.0,0,0,0,0,0,0,0,0,0,0,0
62586,147892,-0.006,0.001,8e-05,2.0,0.0,62586,1,0.0,0,0,0,0,0,0,0,0,0,0,0
22687,54705,-0.006,0.002,0.00021,2.0,0.0,22687,1,0.0,0,0,0,0,0,0,0,0,0,0,0
8846,31839,-0.005,0.004,0.00081,3.0,0.0,8846,1,0.0,0,0,0,0,0,0,0,0,0,0,0
26518,65369,-0.006,0.002,0.00019,2.0,0.0,26518,1,0.0,0,0,0,0,0,0,0,0,0,0,0
