#Size Order Assortativity Transitivity Degree Coreness Number_Triangles Number_Cliques Clique_Number Clustering Edge_connectivity Eccentricity Diameter Closeness Betweeness Density Radius Square_clust Communicability Ave_Node_conn Pagerank 
156,3094,-0.264,0.312,0.25591,26.0,66.0,672,12,0.411,0,0,0,0,0,0,0,0,0,0,0
26,70,0.598,0.412,0.21538,3.0,0.0,23,3,0.169,0,0,0,0,0,0,0,0,0,0,0
174,634,0.27,0.117,0.04212,3.0,0.0,156,4,0.017,0,0,0,0,0,0,0,0,0,0,0
42,51,0.002,0.036,0.05923,1.0,0.0,38,2,0.0,0,0,0,0,0,0,0,0,0,0,0
119,2168,-0.249,0.338,0.30879,23.0,27.0,278,8,0.361,0,0,0,0,0,0,0,0,0,0,0
217,3723,-0.257,0.24,0.15886,21.0,41.0,649,11,0.327,0,0,0,0,0,0,0,0,0,0,0
7,10,-0.527,0.0,0.47619,1.0,0.0,6,2,0.0,0,0,0,0,0,0,0,0,0,0,0
30,43,0.316,0.067,0.09885,2.0,0.0,27,2,0.0,0,0,0,0,0,0,0,0,0,0,0
174,2260,-0.22,0.259,0.15016,16.0,30.0,377,11,0.338,0,0,0,0,0,0,0,0,0,0,0
28,34,0.138,0.5,0.08995,1.0,0.0,27,2,0.0,0,0,0,0,0,0,0,0,0,0,0
11,27,0.133,0.563,0.49091,2.0,0.0,7,3,0.212,0,0,0,0,0,0,0,0,0,0,0
29,347,0.036,0.532,0.85468,16.0,12.0,52,5,0.419,0,0,0,0,0,0,0,0,0,0,0
34,391,-0.354,0.469,0.69697,14.0,16.0,34,8,0.573,0,0,0,0,0,0,0,0,0,0,0
222,5707,-0.194,0.268,0.23264,31.0,45.0,645,11,0.503,0,0,0,0,0,0,0,0,0,0,0
67,468,-0.324,0.222,0.21167,8.0,3.0,67,5,0.268,0,0,0,0,0,0,0,0,0,0,0
14,25,0.403,0.583,0.27473,2.0,0.0,11,3,0.167,0,0,0,0,0,0,0,0,0,0,0
231,4652,-0.175,0.242,0.17512,24.0,25.0,436,10,0.379,0,0,0,0,0,0,0,0,0,0,0
212,7939,-0.148,0.434,0.35496,49.0,178.0,2892,14,0.422,0,0,0,0,0,0,0,0,0,0,0
211,5027,0.019,0.26,0.2269,29.0,23.0,873,7,0.244,0,0,0,0,0,0,0,0,0,0,0
20,42,0.19,0.125,0.22105,2.0,0.0,16,2,0.0,0,0,0,0,0,0,0,0,0,0,0
31,152,-0.325,0.192,0.32688,6.0,0.0,31,4,0.151,0,0,0,0,0,0,0,0,0,0,0
34,100,0.089,0.261,0.17825,3.0,0.0,30,3,0.17,0,0,0,0,0,0,0,0,0,0,0
91,180,0.168,0.092,0.04396,2.0,0.0,85,2,0.0,0,0,0,0,0,0,0,0,0,0,0
113,311,0.217,0.089,0.04915,2.0,0.0,104,2,0.0,0,0,0,0,0,0,0,0,0,0,0
5,3,0,0.0,0.3,1.0,0.0,4,2,0.0,0,0,0,0,0,0,0,0,0,0,0
84,627,-0.246,0.181,0.17986,9.0,2.0,80,6,0.298,0,0,0,0,0,0,0,0,0,0,0
181,3222,-0.207,0.264,0.19779,22.0,18.0,357,11,0.344,0,0,0,0,0,0,0,0,0,0,0
78,1761,-0.099,0.515,0.58641,31.0,94.0,539,11,0.494,0,0,0,0,0,0,0,0,0,0,0
152,3530,-0.184,0.357,0.3076,30.0,65.0,677,11,0.416,0,0,0,0,0,0,0,0,0,0,0
237,4652,-0.158,0.271,0.16634,24.0,41.0,937,8,0.344,0,0,0,0,0,0,0,0,0,0,0
137,518,0.311,0.288,0.0556,4.0,0.0,118,4,0.111,0,0,0,0,0,0,0,0,0,0,0
37,46,-0.025,0.0,0.06907,1.0,0.0,34,2,0.0,0,0,0,0,0,0,0,0,0,0,0
12,57,-0.037,0.5,0.86364,5.0,1.0,8,3,0.467,0,0,0,0,0,0,0,0,0,0,0
171,3187,-0.177,0.257,0.21926,23.0,25.0,325,14,0.297,0,0,0,0,0,0,0,0,0,0,0
50,118,0.249,0.13,0.09633,2.0,0.0,42,2,0.0,0,0,0,0,0,0,0,0,0,0,0
96,1046,-0.202,0.259,0.22939,14.0,14.0,144,7,0.389,0,0,0,0,0,0,0,0,0,0,0
226,5416,-0.129,0.275,0.21302,30.0,48.0,1047,11,0.314,0,0,0,0,0,0,0,0,0,0,0
129,3951,-0.216,0.379,0.47856,38.0,68.0,568,10,0.43,0,0,0,0,0,0,0,0,0,0,0
99,1770,-0.19,0.342,0.36487,23.0,28.0,240,8,0.404,0,0,0,0,0,0,0,0,0,0,0
27,33,0.612,0.6,0.09402,1.0,0.0,25,3,0.111,0,0,0,0,0,0,0,0,0,0,0
15,56,0.302,0.539,0.53333,4.0,1.0,13,3,0.396,0,0,0,0,0,0,0,0,0,0,0
90,1999,-0.248,0.357,0.49913,29.0,41.0,322,8,0.4,0,0,0,0,0,0,0,0,0,0,0
24,46,-0.024,0.083,0.16667,2.0,0.0,21,2,0.0,0,0,0,0,0,0,0,0,0,0,0
22,29,-0.013,0.0,0.12554,1.0,0.0,20,2,0.0,0,0,0,0,0,0,0,0,0,0,0
24,30,0.339,0.0,0.1087,1.0,0.0,23,2,0.0,0,0,0,0,0,0,0,0,0,0,0
199,4126,-0.14,0.26,0.20943,27.0,17.0,375,9,0.36,0,0,0,0,0,0,0,0,0,0,0
130,1346,-0.206,0.253,0.16052,13.0,14.0,174,9,0.36,0,0,0,0,0,0,0,0,0,0,0
26,42,0.473,0.273,0.12923,1.0,0.0,23,3,0.09,0,0,0,0,0,0,0,0,0,0,0
212,2115,-0.234,0.153,0.09456,12.0,5.0,229,8,0.292,0,0,0,0,0,0,0,0,0,0,0
60,87,0.2,0.152,0.04915,1.0,0.0,56,3,0.05,0,0,0,0,0,0,0,0,0,0,0
14,16,0.149,0.0,0.17582,1.0,0.0,12,2,0.0,0,0,0,0,0,0,0,0,0,0,0
1286,1773,0.148,0.003,0.00215,1.0,0.0,1275,2,0.0,0,20.0,32,0.00571,0.0,0.00107291332579,13,0.08759,1.72257,0,0.00078
83,214,0.262,0.104,0.06289,2.0,0.0,74,3,0.047,0,0,0,0,0,0,0,0,0,0,0
18,38,0.143,0.119,0.24837,2.0,0.0,14,2,0.0,0,0,0,0,0,0,0,0,0,0,0
37,54,0.416,0.294,0.08108,1.0,0.0,33,3,0.059,0,0,0,0,0,0,0,0,0,0,0
20,32,0.046,0.214,0.16842,2.0,0.0,17,2,0.0,0,0,0,0,0,0,0,0,0,0,0
51,529,-0.082,0.256,0.4149,12.0,0.0,60,4,0.105,0,0,0,0,0,0,0,0,0,0,0
102,1925,-0.164,0.271,0.37371,23.0,17.0,190,8,0.379,0,0,0,0,0,0,0,0,0,0,0
53,396,-0.27,0.216,0.28737,9.0,3.0,59,5,0.252,0,0,0,0,0,0,0,0,0,0,0
107,203,0.215,0.073,0.0358,2.0,0.0,95,2,0.0,0,0,0,0,0,0,0,0,0,0,0
54,607,-0.252,0.467,0.42418,15.0,36.0,110,9,0.382,0,0,0,0,0,0,0,0,0,0,0
231,7448,-0.137,0.375,0.28037,41.0,133.0,1330,16,0.443,0,0,0,0,0,0,0,0,0,0,0
27,221,0.002,0.528,0.62963,10.0,9.0,31,6,0.412,0,0,0,0,0,0,0,0,0,0,0
160,4323,-0.268,0.345,0.33986,34.0,82.0,780,13,0.341,0,0,0,0,0,0,0,0,0,0,0
20,33,0.205,0.167,0.17368,1.0,0.0,18,2,0.0,0,0,0,0,0,0,0,0,0,0,0
14,45,0.229,0.545,0.49451,4.0,0.0,11,3,0.202,0,0,0,0,0,0,0,0,0,0,0
8,37,-0.137,0.55,1.32143,5.0,2.0,5,4,0.488,1,0,0,0,0,0,0,0,0,0,0
155,3288,-0.261,0.237,0.27549,25.0,16.0,361,7,0.318,0,0,0,0,0,0,0,0,0,0,0
247,6209,-0.156,0.286,0.20437,30.0,33.0,816,9,0.364,0,0,0,0,0,0,0,0,0,0,0
29,43,0.187,0.05,0.10591,1.0,0.0,26,2,0.0,0,0,0,0,0,0,0,0,0,0,0
2,2,0,0.0,2.0,2.0,0.0,1,2,0.0,1,0,0,0,0,0,0,0,0,0,0
68,936,-0.148,0.388,0.41089,18.0,22.0,140,8,0.393,0,0,0,0,0,0,0,0,0,0,0
13,9,0.357,0.0,0.11538,1.0,0.0,12,2,0.0,0,0,0,0,0,0,0,0,0,0,0
49,86,-0.079,0.092,0.07313,1.0,0.0,44,2,0.0,0,0,0,0,0,0,0,0,0,0,0
6,10,-0.532,0.227,0.66667,2.0,0.0,5,2,0.0,0,0,0,0,0,0,0,0,0,0,0
90,1387,-0.015,0.322,0.34632,18.0,5.0,190,5,0.184,0,0,0,0,0,0,0,0,0,0,0
52,704,-0.24,0.39,0.53092,18.0,25.0,85,8,0.519,0,0,0,0,0,0,0,0,0,0,0
21,42,0.035,0.075,0.2,2.0,0.0,16,2,0.0,0,0,0,0,0,0,0,0,0,0,0
29,411,0.07,0.59,1.01232,19.0,14.0,67,5,0.38,1,0,0,0,0,0,0,0,0,0,0
237,6027,-0.213,0.285,0.21551,32.0,70.0,1089,11,0.373,0,0,0,0,0,0,0,0,0,0,0
22,85,0.27,0.35,0.36797,4.0,0.0,18,3,0.273,0,0,0,0,0,0,0,0,0,0,0
133,418,0.212,0.197,0.04762,3.0,0.0,116,4,0.081,0,0,0,0,0,0,0,0,0,0,0
227,2057,-0.199,0.121,0.08019,11.0,7.0,251,8,0.296,0,0,0,0,0,0,0,0,0,0,0
86,482,0.239,0.244,0.13187,6.0,0.0,98,4,0.098,0,0,0,0,0,0,0,0,0,0,0
200,5024,-0.144,0.298,0.25246,34.0,83.0,1624,10,0.331,0,0,0,0,0,0,0,0,0,0,0
26,298,-0.129,0.611,0.91692,16.0,29.0,27,9,0.682,0,0,0,0,0,0,0,0,0,0,0
199,2269,-0.262,0.153,0.11517,13.0,4.0,244,6,0.226,0,0,0,0,0,0,0,0,0,0,0
43,156,0.069,0.189,0.17276,3.0,0.0,38,2,0.0,0,0,0,0,0,0,0,0,0,0,0
52,645,-0.282,0.341,0.48643,15.0,6.0,67,6,0.379,0,0,0,0,0,0,0,0,0,0,0
15,77,-0.331,0.574,0.73333,7.0,6.0,10,6,0.485,0,0,0,0,0,0,0,0,0,0,0
165,1542,-0.206,0.197,0.11397,12.0,12.0,172,8,0.439,0,0,0,0,0,0,0,0,0,0,0
70,339,0.179,0.22,0.14037,5.0,0.0,65,4,0.114,0,0,0,0,0,0,0,0,0,0,0
216,4902,-0.195,0.315,0.21111,29.0,65.0,865,13,0.405,0,0,0,0,0,0,0,0,0,0,0
65,540,-0.306,0.235,0.25962,10.0,7.0,72,7,0.312,0,0,0,0,0,0,0,0,0,0,0
10,12,0.0,0.0,0.26667,1.0,0.0,9,2,0.0,0,0,0,0,0,0,0,0,0,0,0
228,3570,0.035,0.201,0.13796,17.0,3.0,373,6,0.118,0,0,0,0,0,0,0,0,0,0,0
132,642,0.255,0.208,0.07425,5.0,0.0,125,3,0.068,0,0,0,0,0,0,0,0,0,0,0
132,3120,-0.064,0.381,0.36086,31.0,81.0,549,13,0.469,0,0,0,0,0,0,0,0,0,0,0
213,3536,-0.2,0.238,0.15661,21.0,28.0,431,10,0.377,0,0,0,0,0,0,0,0,0,0,0
143,4310,-0.228,0.416,0.42451,40.0,132.0,1288,14,0.451,0,0,0,0,0,0,0,0,0,0,0
86,1449,-0.229,0.305,0.39644,21.0,17.0,188,6,0.363,0,0,0,0,0,0,0,0,0,0,0
115,1418,0.291,0.269,0.21632,15.0,1.0,190,4,0.086,0,0,0,0,0,0,0,0,0,0,0
28,364,-0.114,0.634,0.96296,16.0,23.0,29,9,0.604,0,0,0,0,0,0,0,0,0,0,0
187,2183,-0.267,0.127,0.12552,13.0,1.0,196,8,0.169,0,0,0,0,0,0,0,0,0,0,0
77,1882,0.316,0.792,0.6432,38.0,264.0,453,23,0.641,0,0,0,0,0,0,0,0,0,0,0
210,4336,-0.194,0.312,0.19758,26.0,54.0,875,11,0.351,0,0,0,0,0,0,0,0,0,0,0
175,789,0.341,0.119,0.05182,4.0,0.0,176,3,0.009,0,0,0,0,0,0,0,0,0,0,0
99,305,0.178,0.077,0.06287,3.0,0.0,88,2,0.0,0,0,0,0,0,0,0,0,0,0,0
106,3697,-0.158,0.532,0.66433,48.0,251.0,1768,17,0.566,0,0,0,0,0,0,0,0,0,0,0
63,549,-0.258,0.247,0.28111,11.0,5.0,79,6,0.285,0,0,0,0,0,0,0,0,0,0,0
88,1206,-0.228,0.297,0.31505,17.0,18.0,156,8,0.314,0,0,0,0,0,0,0,0,0,0,0
3,8,-0.333,1.0,2.66667,4.0,1.0,1,3,1.0,2,0,0,0,0,0,0,0,0,0,0
3,2,0,0.0,0.66667,1.0,0.0,2,2,0.0,0,0,0,0,0,0,0,0,0,0,0
80,574,0.019,0.357,0.18165,8.0,4.0,77,6,0.393,0,0,0,0,0,0,0,0,0,0,0
164,3649,-0.207,0.293,0.27301,28.0,39.0,545,9,0.413,0,0,0,0,0,0,0,0,0,0,0
4,5,0.408,0.0,0.83333,1.0,0.0,3,2,0.0,0,0,0,0,0,0,0,0,0,0,0
95,1125,-0.246,0.265,0.25196,15.0,14.0,155,8,0.325,0,0,0,0,0,0,0,0,0,0,0
18,27,0.374,0.0,0.17647,1.0,0.0,17,2,0.0,0,0,0,0,0,0,0,0,0,0,0
52,364,-0.224,0.215,0.27451,9.0,1.0,50,4,0.19,0,0,0,0,0,0,0,0,0,0,0
42,446,-0.013,0.494,0.518,13.0,10.0,49,7,0.393,0,0,0,0,0,0,0,0,0,0,0
79,2006,-0.307,0.566,0.65109,36.0,184.0,447,18,0.607,0,0,0,0,0,0,0,0,0,0,0
127,369,0.135,0.141,0.04612,3.0,0.0,110,4,0.042,0,0,0,0,0,0,0,0,0,0,0
102,1009,0.316,0.349,0.19588,12.0,3.0,159,5,0.179,0,0,0,0,0,0,0,0,0,0,0
30,186,-0.26,0.305,0.42759,7.0,1.0,33,3,0.231,0,0,0,0,0,0,0,0,0,0,0
214,3167,0.028,0.233,0.13896,17.0,10.0,453,6,0.245,0,0,0,0,0,0,0,0,0,0,0
110,523,0.35,0.265,0.08724,5.0,0.0,108,4,0.117,0,0,0,0,0,0,0,0,0,0,0
12,23,-0.064,0.0,0.34848,1.0,0.0,9,2,0.0,0,0,0,0,0,0,0,0,0,0,0
160,4478,-0.244,0.301,0.35204,35.0,39.0,451,9,0.444,0,0,0,0,0,0,0,0,0,0,0
15,27,0.007,0.429,0.25714,2.0,0.0,12,3,0.2,0,0,0,0,0,0,0,0,0,0,0
69,1242,-0.269,0.412,0.52941,23.0,28.0,166,8,0.454,0,0,0,0,0,0,0,0,0,0,0
61,649,-0.279,0.4,0.35464,14.0,21.0,74,9,0.446,0,0,0,0,0,0,0,0,0,0,0
4,8,0,0.0,1.33333,2.0,0.0,2,2,0.0,0,0,0,0,0,0,0,0,0,0,0
115,807,-0.286,0.102,0.12311,8.0,1.0,112,4,0.164,0,0,0,0,0,0,0,0,0,0,0
97,572,0.081,0.149,0.12285,6.0,0.0,80,4,0.067,0,0,0,0,0,0,0,0,0,0,0
39,498,-0.21,0.464,0.67206,17.0,16.0,61,7,0.454,0,0,0,0,0,0,0,0,0,0,0
244,4656,-0.184,0.219,0.15705,24.0,29.0,801,8,0.337,0,0,0,0,0,0,0,0,0,0,0
206,2260,-0.236,0.162,0.10703,13.0,4.0,250,6,0.257,0,0,0,0,0,0,0,0,0,0,0
26,263,-0.056,0.652,0.80923,12.0,19.0,28,7,0.482,0,0,0,0,0,0,0,0,0,0,0
214,8012,-0.151,0.419,0.35154,48.0,152.0,2508,17,0.424,0,0,0,0,0,0,0,0,0,0,0
129,1217,-0.283,0.196,0.14741,12.0,7.0,172,6,0.332,0,0,0,0,0,0,0,0,0,0,0
187,6323,-0.14,0.346,0.36358,44.0,118.0,2606,9,0.367,0,0,0,0,0,0,0,0,0,0,0
85,490,-0.278,0.134,0.13725,7.0,2.0,82,5,0.262,0,0,0,0,0,0,0,0,0,0,0
4,5,0.408,0.0,0.83333,1.0,0.0,3,2,0.0,0,0,0,0,0,0,0,0,0,0,0
152,3344,-0.191,0.292,0.29139,27.0,39.0,461,10,0.393,0,0,0,0,0,0,0,0,0,0,0
20,23,0.144,0.0,0.12105,1.0,0.0,17,2,0.0,0,0,0,0,0,0,0,0,0,0,0
27,133,-0.446,0.216,0.37892,6.0,0.0,22,2,0.0,0,0,0,0,0,0,0,0,0,0,0
126,1661,0.116,0.364,0.21092,15.0,14.0,270,7,0.227,0,0,0,0,0,0,0,0,0,0,0
127,1039,0.425,0.389,0.12986,10.0,5.0,206,5,0.119,0,0,0,0,0,0,0,0,0,0,0
229,7132,-0.198,0.319,0.27319,38.0,37.0,782,9,0.321,0,0,0,0,0,0,0,0,0,0,0
91,201,0.144,0.031,0.04908,2.0,0.0,81,2,0.0,0,0,0,0,0,0,0,0,0,0,0
191,1278,-0.29,0.099,0.07043,8.0,2.0,185,7,0.22,0,0,0,0,0,0,0,0,0,0,0
76,606,-0.166,0.308,0.21263,10.0,12.0,83,9,0.392,0,0,0,0,0,0,0,0,0,0,0
13,120,-0.085,0.784,1.53846,13.0,13.0,17,5,0.629,1,0,0,0,0,0,0,0,0,0,0
159,598,0.176,0.185,0.04761,4.0,0.0,142,3,0.071,0,0,0,0,0,0,0,0,0,0,0
99,1221,-0.324,0.32,0.2517,15.0,12.0,135,8,0.298,0,0,0,0,0,0,0,0,0,0,0
184,4054,-0.132,0.29,0.24079,29.0,68.0,1165,9,0.403,0,0,0,0,0,0,0,0,0,0,0
144,571,0.335,0.16,0.05546,4.0,0.0,145,3,0.03,0,0,0,0,0,0,0,0,0,0,0
7,9,0.158,0.0,0.42857,1.0,0.0,5,2,0.0,0,0,0,0,0,0,0,0,0,0,0
105,472,0.139,0.179,0.08645,4.0,0.0,98,3,0.109,0,0,0,0,0,0,0,0,0,0,0
181,747,0.372,0.184,0.04586,4.0,0.0,170,5,0.077,0,0,0,0,0,0,0,0,0,0,0
153,2755,-0.13,0.342,0.23693,23.0,36.0,481,9,0.398,0,0,0,0,0,0,0,0,0,0,0
29,154,-0.31,0.251,0.37931,7.0,0.0,29,3,0.133,0,0,0,0,0,0,0,0,0,0,0
149,574,0.213,0.131,0.05206,4.0,0.0,132,3,0.041,0,0,0,0,0,0,0,0,0,0,0
59,105,0.129,0.061,0.06137,1.0,0.0,55,2,0.0,0,0,0,0,0,0,0,0,0,0,0
141,1174,-0.274,0.129,0.11895,10.0,3.0,154,6,0.225,0,0,0,0,0,0,0,0,0,0,0
17,29,0.169,0.214,0.21324,2.0,0.0,13,2,0.0,0,0,0,0,0,0,0,0,0,0,0
55,586,-0.115,0.502,0.39461,15.0,33.0,72,10,0.397,0,0,0,0,0,0,0,0,0,0,0
98,2638,-0.192,0.396,0.55502,34.0,51.0,397,9,0.433,0,0,0,0,0,0,0,0,0,0,0
165,3182,-0.204,0.308,0.23518,24.0,26.0,383,8,0.395,0,0,0,0,0,0,0,0,0,0,0
55,234,0.454,0.399,0.15758,5.0,2.0,58,4,0.179,0,0,0,0,0,0,0,0,0,0,0
123,3130,-0.231,0.487,0.41717,33.0,102.0,506,14,0.478,0,0,0,0,0,0,0,0,0,0,0
74,136,0.146,0.087,0.05035,2.0,0.0,67,2,0.0,0,0,0,0,0,0,0,0,0,0,0
240,9344,-0.117,0.33,0.3258,48.0,101.0,2364,10,0.326,0,0,0,0,0,0,0,0,0,0,0
28,62,0.639,0.433,0.16402,3.0,0.0,25,3,0.107,0,0,0,0,0,0,0,0,0,0,0
26,437,-0.264,0.777,1.34462,24.0,68.0,22,12,0.714,0,0,0,0,0,0,0,0,0,0,0
26,30,0.271,0.063,0.09231,1.0,0.0,23,2,0.0,0,0,0,0,0,0,0,0,0,0,0
223,4216,-0.153,0.344,0.17032,25.0,66.0,1381,10,0.35,0,0,0,0,0,0,0,0,0,0,0
82,256,0.197,0.074,0.07709,3.0,0.0,71,2,0.0,0,0,0,0,0,0,0,0,0,0,0
91,813,0.014,0.264,0.19853,10.0,2.0,101,6,0.138,0,0,0,0,0,0,0,0,0,0,0
13,21,0.395,0.318,0.26923,2.0,0.0,11,2,0.0,0,0,0,0,0,0,0,0,0,0,0
149,2647,-0.128,0.28,0.24007,23.0,31.0,288,10,0.416,0,0,0,0,0,0,0,0,0,0,0
121,317,0.384,0.171,0.04366,2.0,0.0,104,2,0.0,0,0,0,0,0,0,0,0,0,0,0
171,3019,-0.231,0.259,0.20771,22.0,33.0,359,13,0.361,0,0,0,0,0,0,0,0,0,0,0
200,3424,-0.196,0.241,0.17206,21.0,16.0,312,11,0.363,0,0,0,0,0,0,0,0,0,0,0
144,668,0.194,0.269,0.06488,5.0,0.0,140,4,0.156,0,0,0,0,0,0,0,0,0,0,0
95,285,0.519,0.331,0.06383,3.0,0.0,85,4,0.14,0,0,0,0,0,0,0,0,0,0,0
38,69,-0.133,0.14,0.09815,2.0,0.0,34,3,0.079,0,0,0,0,0,0,0,0,0,0,0
178,6320,-0.113,0.431,0.40119,47.0,173.0,1389,16,0.551,0,0,0,0,0,0,0,0,0,0,0
145,523,0.216,0.101,0.0501,3.0,0.0,128,4,0.038,0,0,0,0,0,0,0,0,0,0,0
31,186,-0.477,0.355,0.4,7.0,6.0,28,6,0.37,0,0,0,0,0,0,0,0,0,0,0
37,205,0.022,0.395,0.30781,6.0,1.0,31,5,0.295,0,0,0,0,0,0,0,0,0,0,0
4,11,0.389,0.6,1.83333,3.0,0.0,2,3,0.583,1,0,0,0,0,0,0,0,0,0,0
50,571,-0.296,0.409,0.46612,14.0,11.0,68,6,0.389,0,0,0,0,0,0,0,0,0,0,0
113,2226,-0.202,0.393,0.35177,25.0,47.0,231,15,0.389,0,0,0,0,0,0,0,0,0,0,0
43,377,0.304,0.637,0.4175,11.0,18.0,66,7,0.328,0,0,0,0,0,0,0,0,0,0,0
103,996,-0.243,0.171,0.18961,12.0,5.0,130,5,0.34,0,0,0,0,0,0,0,0,0,0,0
233,7521,-0.023,0.439,0.27827,46.0,336.0,14570,17,0.455,0,0,0,0,0,0,0,0,0,0,0
127,268,0.093,0.063,0.0335,2.0,0.0,119,3,0.018,0,0,0,0,0,0,0,0,0,0,0
189,2925,-0.162,0.287,0.16464,19.0,37.0,352,15,0.331,0,0,0,0,0,0,0,0,0,0,0
24,49,0.319,0.357,0.17754,2.0,0.0,18,3,0.25,0,0,0,0,0,0,0,0,0,0,0
27,54,0.16,0.083,0.15385,2.0,0.0,23,2,0.0,0,0,0,0,0,0,0,0,0,0,0
76,658,-0.274,0.238,0.23088,11.0,5.0,86,6,0.351,0,0,0,0,0,0,0,0,0,0,0
57,449,-0.245,0.187,0.28133,9.0,0.0,61,4,0.132,0,0,0,0,0,0,0,0,0,0,0
15,22,-0.375,0.0,0.20952,1.0,0.0,12,2,0.0,0,0,0,0,0,0,0,0,0,0,0
38,97,-0.069,0.199,0.13798,2.0,0.0,28,3,0.127,0,0,0,0,0,0,0,0,0,0,0
49,600,-0.265,0.399,0.5102,15.0,15.0,70,8,0.407,0,0,0,0,0,0,0,0,0,0,0
122,244,0.194,0.029,0.03306,2.0,0.0,114,2,0.0,0,0,0,0,0,0,0,0,0,0,0
159,944,0.328,0.137,0.07515,6.0,0.0,189,3,0.029,0,0,0,0,0,0,0,0,0,0,0
46,844,-0.193,0.559,0.81546,24.0,34.0,79,8,0.594,0,0,0,0,0,0,0,0,0,0,0
37,300,-0.269,0.317,0.45045,10.0,3.0,47,5,0.211,0,0,0,0,0,0,0,0,0,0,0
4,8,-0.378,0.375,1.33333,2.0,0.0,3,2,0.0,0,0,0,0,0,0,0,0,0,0,0
2,2,0,0.0,2.0,2.0,0.0,1,2,0.0,1,0,0,0,0,0,0,0,0,0,0
31,206,-0.196,0.301,0.44301,8.0,2.0,30,4,0.296,0,0,0,0,0,0,0,0,0,0,0
235,2477,-0.235,0.126,0.09009,12.0,4.0,270,7,0.267,0,0,0,0,0,0,0,0,0,0,0
115,1720,-0.18,0.297,0.2624,19.0,25.0,273,9,0.327,0,0,0,0,0,0,0,0,0,0,0
139,3070,0.077,0.293,0.32009,28.0,20.0,573,5,0.244,0,0,0,0,0,0,0,0,0,0,0
240,8359,-0.215,0.248,0.29146,42.0,39.0,1099,8,0.318,0,0,0,0,0,0,0,0,0,0,0
34,53,0.326,0.2,0.09447,2.0,0.0,30,3,0.088,0,0,0,0,0,0,0,0,0,0,0
2,3,-0.5,0.0,3.0,2.0,0.0,1,2,0.0,1,0,0,0,0,0,0,0,0,0,0
9,20,0.36,0.5,0.55556,2.0,0.0,6,3,0.333,0,0,0,0,0,0,0,0,0,0,0
159,1565,-0.013,0.252,0.12459,11.0,4.0,216,6,0.162,0,0,0,0,0,0,0,0,0,0,0
16,107,-0.055,0.522,0.89167,8.0,6.0,14,6,0.493,1,0,0,0,0,0,0,0,0,0,0
7,11,0.577,0.5,0.52381,1.0,0.0,6,2,0.0,0,0,0,0,0,0,0,0,0,0,0
20,93,-0.257,0.374,0.48947,6.0,2.0,15,5,0.293,0,0,0,0,0,0,0,0,0,0,0
57,363,-0.247,0.176,0.22744,8.0,1.0,47,5,0.362,0,0,0,0,0,0,0,0,0,0,0
69,1321,0.076,0.498,0.56309,25.0,41.0,327,8,0.376,0,0,0,0,0,0,0,0,0,0,0
25,31,-0.033,0.0,0.10333,1.0,0.0,24,2,0.0,0,0,0,0,0,0,0,0,0,0,0
149,1520,-0.215,0.248,0.13786,13.0,16.0,241,9,0.253,0,0,0,0,0,0,0,0,0,0,0
129,2744,-0.178,0.442,0.33236,28.0,82.0,422,15,0.489,0,0,0,0,0,0,0,0,0,0,0
126,1801,-0.189,0.303,0.2287,18.0,22.0,233,9,0.337,0,0,0,0,0,0,0,0,0,0,0
202,9089,-0.205,0.494,0.44771,60.0,337.0,8367,20,0.492,0,0,0,0,0,0,0,0,0,0,0
12,31,0.779,0.75,0.4697,3.0,1.0,9,4,0.361,0,0,0,0,0,0,0,0,0,0,0
180,2709,-0.187,0.252,0.16816,20.0,21.0,403,7,0.356,0,0,0,0,0,0,0,0,0,0,0
14,29,0.18,0.167,0.31868,2.0,0.0,12,2,0.0,0,0,0,0,0,0,0,0,0,0,0
70,129,0.292,0.094,0.05342,2.0,0.0,65,3,0.033,0,0,0,0,0,0,0,0,0,0,0
33,171,-0.289,0.336,0.32386,7.0,6.0,24,6,0.495,0,0,0,0,0,0,0,0,0,0,0
171,3243,-0.222,0.262,0.22312,23.0,16.0,299,9,0.32,0,0,0,0,0,0,0,0,0,0,0
213,4584,-0.213,0.235,0.20303,26.0,28.0,575,9,0.362,0,0,0,0,0,0,0,0,0,0,0
92,663,-0.277,0.153,0.15839,8.0,3.0,89,6,0.247,0,0,0,0,0,0,0,0,0,0,0
155,1273,-0.248,0.111,0.10666,10.0,3.0,167,7,0.207,0,0,0,0,0,0,0,0,0,0,0
62,392,-0.189,0.294,0.2073,8.0,9.0,68,7,0.348,0,0,0,0,0,0,0,0,0,0,0
226,3079,-0.2,0.173,0.1211,16.0,8.0,299,8,0.34,0,0,0,0,0,0,0,0,0,0,0
9,18,0.206,0.375,0.5,2.0,0.0,7,2,0.0,0,0,0,0,0,0,0,0,0,0,0
170,788,0.236,0.072,0.05486,4.0,0.0,150,2,0.0,0,0,0,0,0,0,0,0,0,0,0
109,328,0.18,0.068,0.05573,3.0,0.0,100,2,0.0,0,0,0,0,0,0,0,0,0,0,0
103,1595,-0.369,0.308,0.30364,20.0,46.0,179,12,0.579,0,0,0,0,0,0,0,0,0,0,0
224,4704,-0.201,0.278,0.18834,26.0,40.0,812,10,0.366,0,0,0,0,0,0,0,0,0,0,0
25,36,0.132,0.0,0.12,1.0,0.0,21,2,0.0,0,0,0,0,0,0,0,0,0,0,0
236,3972,-0.172,0.272,0.14324,22.0,32.0,721,10,0.329,0,0,0,0,0,0,0,0,0,0,0
163,6655,-0.128,0.507,0.50405,55.0,391.0,3346,25,0.51,0,0,0,0,0,0,0,0,0,0,0
60,726,-0.237,0.301,0.41017,15.0,7.0,76,6,0.398,0,0,0,0,0,0,0,0,0,0,0
55,1047,-0.155,0.588,0.70505,26.0,79.0,103,13,0.585,0,0,0,0,0,0,0,0,0,0,0
172,1167,0.199,0.13,0.07936,7.0,0.0,187,3,0.011,0,0,0,0,0,0,0,0,0,0,0
98,948,-0.204,0.288,0.19945,12.0,17.0,110,12,0.345,0,0,0,0,0,0,0,0,0,0,0
125,712,0.396,0.269,0.09187,6.0,1.0,130,4,0.178,0,0,0,0,0,0,0,0,0,0,0
9,12,0.333,0.0,0.33333,1.0,0.0,8,2,0.0,0,0,0,0,0,0,0,0,0,0,0
33,51,0.391,0.115,0.09659,1.0,0.0,29,2,0.0,0,0,0,0,0,0,0,0,0,0,0
171,2432,-0.218,0.222,0.16732,17.0,15.0,337,8,0.259,0,0,0,0,0,0,0,0,0,0,0
162,744,0.179,0.084,0.05705,4.0,0.0,141,3,0.045,0,0,0,0,0,0,0,0,0,0,0
51,140,0.379,0.247,0.1098,3.0,0.0,44,4,0.065,0,0,0,0,0,0,0,0,0,0,0
52,939,-0.326,0.482,0.70814,25.0,18.0,95,7,0.433,0,0,0,0,0,0,0,0,0,0,0
42,118,0.256,0.18,0.13705,3.0,0.0,34,3,0.06,0,0,0,0,0,0,0,0,0,0,0
41,69,0.023,0.023,0.08415,2.0,0.0,38,2,0.0,0,0,0,0,0,0,0,0,0,0,0
125,564,0.095,0.092,0.07277,4.0,0.0,118,3,0.022,0,0,0,0,0,0,0,0,0,0,0
11,49,-0.209,0.476,0.89091,6.0,0.0,7,3,0.273,0,0,0,0,0,0,0,0,0,0,0
201,2608,-0.179,0.24,0.12975,16.0,23.0,345,10,0.317,0,0,0,0,0,0,0,0,0,0,0
5,6,-0.5,0.0,0.6,1.0,0.0,4,2,0.0,0,0,0,0,0,0,0,0,0,0,0
186,938,0.555,0.207,0.05452,5.0,0.0,193,4,0.052,0,0,0,0,0,0,0,0,0,0,0
185,2502,-0.222,0.189,0.147,16.0,7.0,274,6,0.241,0,0,0,0,0,0,0,0,0,0,0
36,76,0.072,0.016,0.12063,2.0,0.0,28,2,0.0,0,0,0,0,0,0,0,0,0,0,0
203,7183,-0.26,0.306,0.35034,43.0,74.0,1243,11,0.384,0,0,0,0,0,0,0,0,0,0,0
35,51,0.172,0.0,0.08571,2.0,0.0,32,2,0.0,0,0,0,0,0,0,0,0,0,0,0
205,4408,-0.161,0.277,0.21081,27.0,24.0,476,10,0.438,0,0,0,0,0,0,0,0,0,0,0
72,532,-0.12,0.317,0.20814,10.0,11.0,53,10,0.411,0,0,0,0,0,0,0,0,0,0,0
219,3539,-0.271,0.208,0.14826,19.0,14.0,525,8,0.213,0,0,0,0,0,0,0,0,0,0,0
139,514,0.168,0.136,0.05359,3.0,0.0,127,3,0.046,0,0,0,0,0,0,0,0,0,0,0
176,2051,-0.185,0.229,0.13318,15.0,15.0,319,9,0.311,0,0,0,0,0,0,0,0,0,0,0
64,837,-0.274,0.399,0.41518,16.0,19.0,87,9,0.375,0,0,0,0,0,0,0,0,0,0,0
25,318,-0.297,0.668,1.06,18.0,30.0,27,9,0.669,0,0,0,0,0,0,0,0,0,0,0
89,1056,-0.185,0.304,0.26966,15.0,14.0,113,8,0.409,0,0,0,0,0,0,0,0,0,0,0
26,50,0.425,0.147,0.15385,1.0,0.0,22,2,0.0,0,0,0,0,0,0,0,0,0,0,0
87,1742,-0.164,0.427,0.46565,27.0,76.0,324,12,0.478,0,0,0,0,0,0,0,0,0,0,0
83,193,0.228,0.023,0.05671,2.0,0.0,78,2,0.0,0,0,0,0,0,0,0,0,0,0,0
111,921,-0.247,0.159,0.15086,10.0,3.0,113,6,0.274,0,0,0,0,0,0,0,0,0,0,0
59,78,0.197,0.045,0.04559,1.0,0.0,57,2,0.0,0,0,0,0,0,0,0,0,0,0,0
147,2546,-0.272,0.275,0.23726,20.0,17.0,261,8,0.307,0,0,0,0,0,0,0,0,0,0,0
51,280,0.125,0.274,0.21961,6.0,0.0,52,3,0.081,0,0,0,0,0,0,0,0,0,0,0
118,430,0.115,0.096,0.06229,3.0,0.0,106,3,0.018,0,0,0,0,0,0,0,0,0,0,0
40,48,0.349,0.071,0.06154,1.0,0.0,39,2,0.0,0,0,0,0,0,0,0,0,0,0,0
194,3848,-0.195,0.271,0.20554,26.0,59.0,925,10,0.4,0,0,0,0,0,0,0,0,0,0,0
106,1812,-0.202,0.346,0.32561,19.0,9.0,182,6,0.395,0,0,0,0,0,0,0,0,0,0,0
153,5433,0.055,0.591,0.46723,49.0,344.0,11054,19,0.538,0,0,0,0,0,0,0,0,0,0,0
171,5544,-0.223,0.366,0.38142,41.0,62.0,832,12,0.337,0,0,0,0,0,0,0,0,0,0,0
154,2604,-0.167,0.265,0.22103,21.0,21.0,327,8,0.395,0,0,0,0,0,0,0,0,0,0,0
118,3065,-0.11,0.465,0.44401,35.0,132.0,708,16,0.522,0,0,0,0,0,0,0,0,0,0,0
3,7,-0.167,0.75,2.33333,3.0,0.0,2,2,0.0,1,0,0,0,0,0,0,0,0,0,0
7,10,0.167,0.0,0.47619,1.0,0.0,6,2,0.0,0,0,0,0,0,0,0,0,0,0,0
130,8166,-0.23,0.53,0.97388,86.0,581.0,1614,38,0.615,0,0,0,0,0,0,0,0,0,0,0
14,191,-0.065,0.994,2.0989,25.0,75.0,2,13,0.989,12,0,0,0,0,0,0,0,0,0,0
65,834,-0.162,0.345,0.40096,15.0,5.0,101,5,0.232,0,0,0,0,0,0,0,0,0,0,0
51,100,0.064,0.028,0.07843,2.0,0.0,49,2,0.0,0,0,0,0,0,0,0,0,0,0,0
177,714,0.368,0.117,0.04584,4.0,0.0,169,3,0.015,0,0,0,0,0,0,0,0,0,0,0
36,83,-0.104,0.085,0.13175,2.0,0.0,29,3,0.083,0,0,0,0,0,0,0,0,0,0,0
37,76,0.214,0.171,0.11411,2.0,0.0,30,3,0.081,0,0,0,0,0,0,0,0,0,0,0
148,4089,-0.188,0.442,0.3759,37.0,139.0,1927,11,0.417,0,0,0,0,0,0,0,0,0,0,0
94,1015,-0.163,0.299,0.23221,14.0,16.0,108,8,0.488,0,0,0,0,0,0,0,0,0,0,0
145,4146,-0.17,0.477,0.39713,37.0,145.0,1151,16,0.534,0,0,0,0,0,0,0,0,0,0,0
160,2547,-0.21,0.321,0.20024,20.0,29.0,276,12,0.412,0,0,0,0,0,0,0,0,0,0,0
126,1138,-0.198,0.221,0.14451,11.0,8.0,139,7,0.335,0,0,0,0,0,0,0,0,0,0,0
91,2145,-0.282,0.358,0.52381,30.0,51.0,225,11,0.545,0,0,0,0,0,0,0,0,0,0,0
18,61,0.183,0.463,0.39869,4.0,0.0,15,3,0.278,0,0,0,0,0,0,0,0,0,0,0
9,11,-0.375,0.0,0.30556,1.0,0.0,7,2,0.0,0,0,0,0,0,0,0,0,0,0,0
214,4552,-0.113,0.266,0.19973,28.0,48.0,937,9,0.415,0,0,0,0,0,0,0,0,0,0,0
17,34,-0.011,0.114,0.25,2.0,0.0,14,2,0.0,0,0,0,0,0,0,0,0,0,0,0
172,5172,-0.216,0.274,0.35169,35.0,31.0,506,9,0.383,0,0,0,0,0,0,0,0,0,0,0
167,369,0.049,0.065,0.02662,2.0,0.0,150,3,0.032,0,0,0,0,0,0,0,0,0,0,0
24,39,0.207,0.045,0.1413,1.0,0.0,20,2,0.0,0,0,0,0,0,0,0,0,0,0,0
158,993,0.368,0.13,0.08006,7.0,0.0,158,3,0.026,0,0,0,0,0,0,0,0,0,0,0
117,5248,-0.179,0.468,0.77336,59.0,194.0,1423,15,0.489,0,0,0,0,0,0,0,0,0,0,0
76,279,-0.342,0.062,0.09789,4.0,0.0,63,4,0.064,0,0,0,0,0,0,0,0,0,0,0
61,201,-0.022,0.172,0.10984,3.0,0.0,54,2,0.0,0,0,0,0,0,0,0,0,0,0,0
27,120,0.099,0.404,0.34188,5.0,2.0,19,5,0.414,0,0,0,0,0,0,0,0,0,0,0
5,8,-0.218,0.0,0.8,1.0,0.0,3,2,0.0,0,0,0,0,0,0,0,0,0,0,0
83,939,-0.19,0.283,0.27593,14.0,13.0,115,7,0.358,0,0,0,0,0,0,0,0,0,0,0
174,2096,-0.232,0.209,0.13926,15.0,12.0,246,9,0.311,0,0,0,0,0,0,0,0,0,0,0
141,3293,-0.071,0.468,0.33364,31.0,94.0,703,13,0.434,0,0,0,0,0,0,0,0,0,0,0
99,2080,-0.209,0.377,0.42878,27.0,57.0,293,12,0.498,0,0,0,0,0,0,0,0,0,0,0
90,220,0.334,0.086,0.05493,2.0,0.0,84,2,0.0,0,0,0,0,0,0,0,0,0,0,0
118,238,0.236,0.03,0.03448,2.0,0.0,110,2,0.0,0,0,0,0,0,0,0,0,0,0,0
37,278,-0.189,0.297,0.41742,9.0,0.0,39,3,0.184,0,0,0,0,0,0,0,0,0,0,0
137,2762,-0.119,0.458,0.29648,27.0,96.0,503,17,0.435,0,0,0,0,0,0,0,0,0,0,0
56,989,-0.19,0.491,0.64221,24.0,54.0,93,11,0.663,0,0,0,0,0,0,0,0,0,0,0
177,3022,-0.227,0.285,0.19402,22.0,34.0,586,8,0.339,0,0,0,0,0,0,0,0,0,0,0
92,1878,-0.223,0.334,0.44864,26.0,29.0,261,8,0.333,0,0,0,0,0,0,0,0,0,0,0
80,1519,-0.198,0.457,0.4807,26.0,69.0,288,12,0.45,0,0,0,0,0,0,0,0,0,0,0
80,446,-0.278,0.131,0.14114,6.0,0.0,81,4,0.094,0,0,0,0,0,0,0,0,0,0,0
95,1435,-0.291,0.293,0.32139,18.0,27.0,163,9,0.358,0,0,0,0,0,0,0,0,0,0,0
15,65,-0.406,0.35,0.61905,5.0,2.0,12,4,0.425,0,0,0,0,0,0,0,0,0,0,0
133,412,0.111,0.124,0.04694,3.0,0.0,117,5,0.045,0,0,0,0,0,0,0,0,0,0,0
96,1965,0.028,0.569,0.43092,28.0,92.0,292,15,0.503,0,0,0,0,0,0,0,0,0,0,0
75,587,-0.185,0.375,0.21153,10.0,17.0,69,10,0.395,0,0,0,0,0,0,0,0,0,0,0
36,65,0.265,0.152,0.10317,2.0,0.0,32,2,0.0,0,0,0,0,0,0,0,0,0,0,0
81,1355,-0.186,0.439,0.41821,22.0,46.0,213,9,0.413,0,0,0,0,0,0,0,0,0,0,0
140,494,0.163,0.101,0.05077,3.0,0.0,129,2,0.0,0,0,0,0,0,0,0,0,0,0,0
43,153,-0.339,0.107,0.16944,4.0,0.0,35,3,0.138,0,0,0,0,0,0,0,0,0,0,0
101,319,0.174,0.184,0.06317,3.0,0.0,92,3,0.041,0,0,0,0,0,0,0,0,0,0,0
224,2224,-0.048,0.181,0.08905,11.0,3.0,250,6,0.245,0,0,0,0,0,0,0,0,0,0,0
103,712,-0.344,0.118,0.13554,8.0,1.0,106,5,0.111,0,0,0,0,0,0,0,0,0,0,0
164,2140,0.005,0.205,0.16011,15.0,3.0,282,6,0.122,0,0,0,0,0,0,0,0,0,0,0
56,870,-0.021,0.57,0.56494,21.0,46.0,88,11,0.55,0,0,0,0,0,0,0,0,0,0,0
200,7195,-0.227,0.419,0.36156,45.0,121.0,1502,13,0.378,0,0,0,0,0,0,0,0,0,0,0
22,276,-0.187,0.637,1.19481,17.0,15.0,41,5,0.552,1,0,0,0,0,0,0,0,0,0,0
99,992,-0.242,0.198,0.20449,13.0,7.0,125,7,0.316,0,0,0,0,0,0,0,0,0,0,0
227,4463,-0.11,0.29,0.17399,25.0,61.0,607,20,0.328,0,0,0,0,0,0,0,0,0,0,0
65,421,-0.321,0.169,0.2024,8.0,0.0,58,4,0.202,0,0,0,0,0,0,0,0,0,0,0
135,1567,-0.311,0.243,0.17324,14.0,7.0,198,7,0.221,0,0,0,0,0,0,0,0,0,0,0
50,83,0.17,0.0,0.06776,1.0,0.0,45,2,0.0,0,0,0,0,0,0,0,0,0,0,0
23,44,0.492,0.395,0.17391,2.0,0.0,19,3,0.203,0,0,0,0,0,0,0,0,0,0,0
32,335,0.019,0.721,0.6754,14.0,21.0,31,7,0.636,0,0,0,0,0,0,0,0,0,0,0
181,2098,-0.205,0.221,0.12879,14.0,10.0,257,8,0.266,0,0,0,0,0,0,0,0,0,0,0
10,63,-0.047,0.732,1.4,10.0,9.0,5,6,0.667,0,0,0,0,0,0,0,0,0,0,0
131,418,0.278,0.239,0.04909,3.0,0.0,124,5,0.042,0,0,0,0,0,0,0,0,0,0,0
19,145,-0.293,0.545,0.84795,10.0,9.0,17,5,0.582,0,0,0,0,0,0,0,0,0,0,0
5,6,-0.5,0.0,0.6,1.0,0.0,4,2,0.0,0,0,0,0,0,0,0,0,0,0,0
8,13,0.133,0.0,0.46429,1.0,0.0,6,2,0.0,0,0,0,0,0,0,0,0,0,0,0
137,328,0.175,0.111,0.03521,2.0,0.0,121,3,0.035,0,0,0,0,0,0,0,0,0,0,0
21,48,0.62,0.487,0.22857,2.0,0.0,18,3,0.111,0,0,0,0,0,0,0,0,0,0,0
77,693,0.04,0.407,0.23684,11.0,12.0,100,8,0.38,0,0,0,0,0,0,0,0,0,0,0
28,53,0.117,0.125,0.14021,2.0,0.0,26,2,0.0,0,0,0,0,0,0,0,0,0,0,0
60,96,0.042,0.043,0.05424,1.0,0.0,57,2,0.0,0,0,0,0,0,0,0,0,0,0,0
148,3531,-0.213,0.397,0.3246,30.0,46.0,481,10,0.381,0,0,0,0,0,0,0,0,0,0,0
60,87,0.147,0.031,0.04915,1.0,0.0,53,2,0.0,0,0,0,0,0,0,0,0,0,0,0
190,883,0.21,0.119,0.04918,4.0,0.0,190,4,0.031,0,0,0,0,0,0,0,0,0,0,0
95,691,0.177,0.154,0.15476,8.0,0.0,102,3,0.022,0,0,0,0,0,0,0,0,0,0,0
108,926,-0.238,0.168,0.16026,10.0,1.0,121,4,0.177,0,0,0,0,0,0,0,0,0,0,0
216,8381,-0.253,0.4,0.36094,49.0,181.0,1313,22,0.472,0,0,0,0,0,0,0,0,0,0,0
95,1122,-0.199,0.297,0.25129,15.0,12.0,113,9,0.332,0,0,0,0,0,0,0,0,0,0,0
203,2507,-0.202,0.188,0.12227,15.0,11.0,283,8,0.277,0,0,0,0,0,0,0,0,0,0,0
85,487,-0.266,0.299,0.13641,7.0,5.0,100,6,0.367,0,0,0,0,0,0,0,0,0,0,0
85,1061,-0.027,0.367,0.2972,16.0,32.0,148,10,0.319,0,0,0,0,0,0,0,0,0,0,0
80,962,-0.297,0.313,0.30443,14.0,7.0,90,7,0.345,0,0,0,0,0,0,0,0,0,0,0
139,898,0.566,0.432,0.09363,7.0,4.0,161,6,0.152,0,0,0,0,0,0,0,0,0,0,0
144,2302,-0.204,0.27,0.22358,21.0,23.0,336,8,0.402,0,0,0,0,0,0,0,0,0,0,0
56,116,0.491,0.292,0.07532,2.0,0.0,52,3,0.075,0,0,0,0,0,0,0,0,0,0,0
149,2909,-0.298,0.328,0.26383,25.0,62.0,440,13,0.481,0,0,0,0,0,0,0,0,0,0,0
59,254,0.207,0.256,0.14845,4.0,1.0,51,5,0.093,0,0,0,0,0,0,0,0,0,0,0
89,332,0.154,0.216,0.08478,3.0,0.0,83,4,0.11,0,0,0,0,0,0,0,0,0,0,0
2,3,-0.5,0.0,3.0,2.0,0.0,1,2,0.0,1,0,0,0,0,0,0,0,0,0,0
27,44,0.174,0.136,0.12536,1.0,0.0,24,2,0.0,0,0,0,0,0,0,0,0,0,0,0
10,11,0.124,0.5,0.24444,1.0,0.0,8,2,0.0,0,0,0,0,0,0,0,0,0,0,0
87,805,0.044,0.196,0.21518,10.0,0.0,102,4,0.075,0,0,0,0,0,0,0,0,0,0,0
55,1119,-0.23,0.448,0.75354,27.0,37.0,135,9,0.538,0,0,0,0,0,0,0,0,0,0,0
55,108,0.605,0.264,0.07273,2.0,0.0,52,3,0.026,0,0,0,0,0,0,0,0,0,0,0
35,84,0.492,0.42,0.14118,3.0,0.0,28,3,0.171,0,0,0,0,0,0,0,0,0,0,0
57,103,0.277,0.07,0.06454,1.0,0.0,54,2,0.0,0,0,0,0,0,0,0,0,0,0,0
221,2433,-0.212,0.151,0.10008,13.0,13.0,345,9,0.308,0,0,0,0,0,0,0,0,0,0,0
44,82,0.078,0.037,0.08668,1.0,0.0,34,2,0.0,0,0,0,0,0,0,0,0,0,0,0
112,1546,-0.222,0.282,0.24871,17.0,10.0,180,8,0.287,0,0,0,0,0,0,0,0,0,0,0
99,261,0.293,0.056,0.0538,2.0,0.0,89,2,0.0,0,0,0,0,0,0,0,0,0,0,0
88,847,-0.232,0.316,0.22126,12.0,11.0,127,7,0.306,0,0,0,0,0,0,0,0,0,0,0
159,4238,0.013,0.419,0.33739,34.0,100.0,1010,13,0.425,0,0,0,0,0,0,0,0,0,0,0
47,88,0.324,0.362,0.08141,2.0,0.0,39,4,0.085,0,0,0,0,0,0,0,0,0,0,0
88,1549,-0.125,0.45,0.40465,24.0,73.0,168,16,0.429,0,0,0,0,0,0,0,0,0,0,0
10,52,-0.258,0.553,1.15556,6.0,2.0,6,4,0.521,1,0,0,0,0,0,0,0,0,0,0
128,823,0.149,0.201,0.10125,7.0,1.0,116,7,0.095,0,0,0,0,0,0,0,0,0,0,0
50,80,0.195,0.0,0.06531,1.0,0.0,48,2,0.0,0,0,0,0,0,0,0,0,0,0,0
243,6562,-0.103,0.379,0.22317,35.0,167.0,5235,18,0.361,0,0,0,0,0,0,0,0,0,0,0
74,934,-0.224,0.344,0.3458,16.0,15.0,111,8,0.321,0,0,0,0,0,0,0,0,0,0,0
110,1137,-0.174,0.246,0.18966,13.0,13.0,125,9,0.359,0,0,0,0,0,0,0,0,0,0,0
75,132,0.107,0.02,0.04757,1.0,0.0,71,2,0.0,0,0,0,0,0,0,0,0,0,0,0
58,118,-0.018,0.183,0.07139,2.0,0.0,55,3,0.029,0,0,0,0,0,0,0,0,0,0,0
132,1657,0.171,0.395,0.19165,15.0,16.0,278,7,0.366,0,0,0,0,0,0,0,0,0,0,0
27,306,-0.308,0.521,0.87179,15.0,19.0,29,7,0.495,0,0,0,0,0,0,0,0,0,0,0
172,2966,-0.208,0.286,0.20169,21.0,24.0,409,8,0.383,0,0,0,0,0,0,0,0,0,0,0
223,2624,0.307,0.338,0.10601,14.0,11.0,426,8,0.153,0,0,0,0,0,0,0,0,0,0,0
39,51,0.262,0.0,0.06883,1.0,0.0,35,2,0.0,0,0,0,0,0,0,0,0,0,0,0
185,3011,-0.242,0.323,0.17691,21.0,35.0,278,16,0.399,0,0,0,0,0,0,0,0,0,0,0
153,1157,0.117,0.18,0.0995,8.0,1.0,139,7,0.11,0,0,0,0,0,0,0,0,0,0,0
50,935,0.04,0.486,0.76327,25.0,16.0,156,5,0.266,0,0,0,0,0,0,0,0,0,0,0
155,601,0.294,0.239,0.05036,4.0,0.0,151,6,0.072,0,0,0,0,0,0,0,0,0,0,0
62,923,-0.112,0.419,0.4881,20.0,42.0,94,12,0.491,0,0,0,0,0,0,0,0,0,0,0
22,160,-0.297,0.46,0.69264,9.0,4.0,22,4,0.456,0,0,0,0,0,0,0,0,0,0,0
89,417,0.242,0.164,0.10649,4.0,0.0,87,3,0.078,0,0,0,0,0,0,0,0,0,0,0
78,872,-0.13,0.321,0.29038,14.0,21.0,131,8,0.296,0,0,0,0,0,0,0,0,0,0,0
11,18,0.396,0.125,0.32727,1.0,0.0,9,2,0.0,0,0,0,0,0,0,0,0,0,0,0
8,9,-0.0,0.0,0.32143,1.0,0.0,6,2,0.0,0,0,0,0,0,0,0,0,0,0,0
156,1934,-0.163,0.277,0.15997,15.0,18.0,294,9,0.341,0,0,0,0,0,0,0,0,0,0,0
37,52,0.183,0.0,0.07808,1.0,0.0,34,2,0.0,0,0,0,0,0,0,0,0,0,0,0
167,587,0.269,0.09,0.04235,3.0,0.0,149,3,0.044,0,0,0,0,0,0,0,0,0,0,0
23,99,0.14,0.4,0.3913,5.0,1.0,16,4,0.352,0,0,0,0,0,0,0,0,0,0,0
36,307,-0.096,0.38,0.4873,11.0,7.0,26,7,0.472,0,0,0,0,0,0,0,0,0,0,0
1204,2432,0.188,0.023,0.00336,1.0,0.0,1150,3,0.001,0,0,0,0,0,0,0,0,0,0,0
128,429,0.065,0.091,0.05278,3.0,0.0,103,3,0.029,0,0,0,0,0,0,0,0,0,0,0
69,2083,-0.217,0.568,0.88789,40.0,116.0,449,12,0.594,0,0,0,0,0,0,0,0,0,0,0
110,1196,0.077,0.228,0.1995,12.0,2.0,156,4,0.159,0,0,0,0,0,0,0,0,0,0,0
121,2408,-0.081,0.411,0.33168,23.0,17.0,287,8,0.341,0,0,0,0,0,0,0,0,0,0,0
74,287,0.039,0.134,0.10626,4.0,0.0,68,3,0.019,0,0,0,0,0,0,0,0,0,0,0
9,11,0.135,0.0,0.30556,1.0,0.0,7,2,0.0,0,0,0,0,0,0,0,0,0,0,0
22,79,-0.106,0.279,0.34199,4.0,0.0,19,4,0.162,0,0,0,0,0,0,0,0,0,0,0
127,2103,0.155,0.269,0.26284,20.0,8.0,320,5,0.18,0,0,0,0,0,0,0,0,0,0,0
138,455,0.223,0.136,0.04813,3.0,0.0,123,3,0.058,0,0,0,0,0,0,0,0,0,0,0
20,48,0.624,0.54,0.25263,3.0,0.0,19,3,0.143,0,0,0,0,0,0,0,0,0,0,0
94,338,-0.341,0.052,0.07733,4.0,0.0,82,4,0.142,0,0,0,0,0,0,0,0,0,0,0
79,270,0.318,0.241,0.08763,3.0,0.0,71,3,0.042,0,0,0,0,0,0,0,0,0,0,0
47,83,0.007,0.016,0.07678,1.0,0.0,43,2,0.0,0,0,0,0,0,0,0,0,0,0,0
6,8,0.0,0.0,0.53333,1.0,0.0,5,2,0.0,0,0,0,0,0,0,0,0,0,0,0
84,697,-0.338,0.143,0.19994,10.0,1.0,90,4,0.212,0,0,0,0,0,0,0,0,0,0,0
66,445,-0.302,0.178,0.20746,8.0,1.0,64,5,0.176,0,0,0,0,0,0,0,0,0,0,0
229,3176,-0.206,0.249,0.12166,18.0,36.0,519,12,0.37,0,0,0,0,0,0,0,0,0,0,0
176,3756,-0.247,0.238,0.2439,25.0,10.0,274,9,0.333,0,0,0,0,0,0,0,0,0,0,0
72,416,-0.27,0.101,0.16275,7.0,0.0,60,3,0.151,0,0,0,0,0,0,0,0,0,0,0
178,6145,-0.122,0.472,0.39008,48.0,282.0,5460,15,0.442,0,0,0,0,0,0,0,0,0,0,0
79,1145,-0.034,0.47,0.37163,19.0,44.0,130,12,0.453,0,0,0,0,0,0,0,0,0,0,0
156,792,0.194,0.221,0.06551,5.0,1.0,154,6,0.064,0,0,0,0,0,0,0,0,0,0,0
145,5136,-0.138,0.375,0.49195,45.0,83.0,1037,10,0.376,0,0,0,0,0,0,0,0,0,0,0
50,138,0.363,0.256,0.11265,3.0,0.0,42,3,0.162,0,0,0,0,0,0,0,0,0,0,0
121,1443,-0.243,0.318,0.19876,15.0,6.0,145,6,0.297,0,0,0,0,0,0,0,0,0,0,0
155,1452,-0.224,0.129,0.12166,11.0,3.0,173,6,0.238,0,0,0,0,0,0,0,0,0,0,0
10,30,-0.485,0.308,0.66667,3.0,0.0,8,3,0.22,0,0,0,0,0,0,0,0,0,0,0
80,495,-0.322,0.165,0.15665,7.0,1.0,86,5,0.154,0,0,0,0,0,0,0,0,0,0,0
217,5714,-0.16,0.343,0.24381,34.0,79.0,1342,11,0.406,0,0,0,0,0,0,0,0,0,0,0
66,111,0.391,0.092,0.05175,1.0,0.0,60,2,0.0,0,0,0,0,0,0,0,0,0,0,0
175,3887,0.243,0.506,0.2553,30.0,127.0,3363,13,0.391,0,0,0,0,0,0,0,0,0,0,0
28,41,0.251,0.241,0.10847,1.0,0.0,24,3,0.083,0,0,0,0,0,0,0,0,0,0,0
53,111,0.164,0.219,0.08055,2.0,0.0,43,3,0.104,0,0,0,0,0,0,0,0,0,0,0
99,2745,-0.258,0.448,0.56586,36.0,70.0,387,9,0.525,0,0,0,0,0,0,0,0,0,0,0
119,1482,-0.225,0.234,0.21108,15.0,19.0,217,7,0.319,0,0,0,0,0,0,0,0,0,0,0
236,4324,-0.205,0.204,0.15593,22.0,22.0,576,10,0.247,0,0,0,0,0,0,0,0,0,0,0
78,793,-0.242,0.344,0.26407,13.0,14.0,104,8,0.374,0,0,0,0,0,0,0,0,0,0,0
182,4146,-0.232,0.315,0.25172,29.0,28.0,453,9,0.36,0,0,0,0,0,0,0,0,0,0,0
72,122,0.303,0.081,0.04773,1.0,0.0,68,2,0.0,0,0,0,0,0,0,0,0,0,0,0
76,960,-0.215,0.338,0.33684,16.0,12.0,98,7,0.492,0,0,0,0,0,0,0,0,0,0,0
86,581,-0.262,0.184,0.15896,8.0,4.0,72,7,0.354,0,0,0,0,0,0,0,0,0,0,0
5,5,0,0.0,0.5,1.0,0.0,4,2,0.0,0,0,0,0,0,0,0,0,0,0,0
11,60,0.062,0.654,1.09091,7.0,4.0,6,5,0.646,0,0,0,0,0,0,0,0,0,0,0
161,2675,-0.154,0.287,0.20769,21.0,31.0,348,10,0.383,0,0,0,0,0,0,0,0,0,0,0
42,66,-0.101,0.111,0.07666,1.0,0.0,38,2,0.0,0,0,0,0,0,0,0,0,0,0,0
49,76,0.099,0.083,0.06463,2.0,0.0,47,2,0.0,0,0,0,0,0,0,0,0,0,0,0
91,636,-0.221,0.204,0.15531,8.0,6.0,85,7,0.302,0,0,0,0,0,0,0,0,0,0,0
14,51,-0.347,0.293,0.56044,5.0,0.0,12,3,0.15,0,0,0,0,0,0,0,0,0,0,0
32,36,0.277,0.1,0.07258,1.0,0.0,30,2,0.0,0,0,0,0,0,0,0,0,0,0,0
59,156,0.257,0.154,0.09117,2.0,0.0,51,3,0.04,0,0,0,0,0,0,0,0,0,0,0
172,2438,-0.243,0.288,0.16578,18.0,12.0,241,8,0.319,0,0,0,0,0,0,0,0,0,0,0
176,1914,-0.261,0.152,0.12429,13.0,4.0,205,6,0.289,0,0,0,0,0,0,0,0,0,0,0
106,817,-0.293,0.185,0.14681,9.0,3.0,119,5,0.149,0,0,0,0,0,0,0,0,0,0,0
183,2580,-0.198,0.284,0.15493,18.0,31.0,361,11,0.341,0,0,0,0,0,0,0,0,0,0,0
81,1152,-0.095,0.475,0.35556,20.0,50.0,189,12,0.452,0,0,0,0,0,0,0,0,0,0,0
138,2768,-0.132,0.376,0.29282,26.0,55.0,335,13,0.468,0,0,0,0,0,0,0,0,0,0,0
144,2999,-0.153,0.311,0.29128,26.0,32.0,263,11,0.438,0,0,0,0,0,0,0,0,0,0,0
123,2367,-0.117,0.384,0.31547,25.0,56.0,336,14,0.43,0,0,0,0,0,0,0,0,0,0,0
68,307,0.432,0.549,0.13477,5.0,2.0,64,5,0.24,0,0,0,0,0,0,0,0,0,0,0
16,28,0.571,0.5,0.23333,1.0,0.0,14,3,0.146,0,0,0,0,0,0,0,0,0,0,0
54,95,-0.036,0.141,0.06639,2.0,0.0,48,3,0.062,0,0,0,0,0,0,0,0,0,0,0
76,497,0.327,0.29,0.17439,7.0,0.0,83,3,0.063,0,0,0,0,0,0,0,0,0,0,0
12,80,-0.302,0.538,1.21212,8.0,3.0,9,4,0.66,0,0,0,0,0,0,0,0,0,0,0
10,42,-0.095,0.409,0.93333,4.0,0.0,9,3,0.247,0,0,0,0,0,0,0,0,0,0,0
70,861,-0.235,0.395,0.35652,17.0,28.0,124,9,0.446,0,0,0,0,0,0,0,0,0,0,0
89,1179,-0.319,0.24,0.30107,16.0,8.0,115,7,0.361,0,0,0,0,0,0,0,0,0,0,0
97,192,0.031,0.042,0.04124,2.0,0.0,82,2,0.0,0,0,0,0,0,0,0,0,0,0,0
4,6,-0.707,0.0,1.0,1.0,0.0,3,2,0.0,0,0,0,0,0,0,0,0,0,0,0
169,796,0.115,0.037,0.05607,5.0,0.0,153,2,0.0,0,0,0,0,0,0,0,0,0,0,0
4,9,-0.436,0.6,1.5,3.0,0.0,2,3,0.75,0,0,0,0,0,0,0,0,0,0,0
94,189,0.128,0.036,0.04324,2.0,0.0,86,2,0.0,0,0,0,0,0,0,0,0,0,0,0
206,2059,-0.224,0.131,0.09751,12.0,6.0,227,9,0.276,0,0,0,0,0,0,0,0,0,0,0
239,4727,-0.167,0.313,0.1662,26.0,58.0,932,13,0.39,0,0,0,0,0,0,0,0,0,0,0
32,247,-0.328,0.309,0.49798,9.0,4.0,34,5,0.333,0,0,0,0,0,0,0,0,0,0,0
5,4,0,0.0,0.4,1.0,0.0,4,2,0.0,0,0,0,0,0,0,0,0,0,0,0
83,813,-0.222,0.274,0.23891,12.0,5.0,105,6,0.274,0,0,0,0,0,0,0,0,0,0,0
82,696,-0.236,0.256,0.20958,11.0,9.0,83,10,0.364,0,0,0,0,0,0,0,0,0,0,0
203,8094,-0.183,0.384,0.39477,51.0,134.0,2584,11,0.402,0,0,0,0,0,0,0,0,0,0,0
193,632,0.277,0.184,0.03411,3.0,0.0,181,4,0.092,0,0,0,0,0,0,0,0,0,0,0
90,186,0.461,0.304,0.04644,2.0,0.0,74,5,0.081,0,0,0,0,0,0,0,0,0,0,0
48,74,0.012,0.033,0.0656,1.0,0.0,44,2,0.0,0,0,0,0,0,0,0,0,0,0,0
43,297,-0.2,0.287,0.3289,9.0,6.0,38,7,0.355,0,0,0,0,0,0,0,0,0,0,0
175,4233,-0.136,0.377,0.27803,30.0,84.0,649,15,0.412,0,0,0,0,0,0,0,0,0,0,0
93,198,-0.011,0.088,0.04628,2.0,0.0,85,2,0.0,0,0,0,0,0,0,0,0,0,0,0
165,505,0.222,0.048,0.03732,3.0,0.0,153,2,0.0,0,0,0,0,0,0,0,0,0,0,0
122,1639,-0.225,0.316,0.22206,16.0,20.0,214,9,0.22,0,0,0,0,0,0,0,0,0,0,0
133,955,-0.26,0.157,0.10879,9.0,3.0,141,6,0.238,0,0,0,0,0,0,0,0,0,0,0
158,715,0.289,0.129,0.05765,4.0,0.0,150,3,0.009,0,0,0,0,0,0,0,0,0,0,0
222,1857,0.172,0.144,0.0757,9.0,0.0,269,4,0.084,0,0,0,0,0,0,0,0,0,0,0
57,98,0.025,0.011,0.0614,1.0,0.0,53,2,0.0,0,0,0,0,0,0,0,0,0,0,0
7,7,0.548,0.0,0.33333,1.0,0.0,6,2,0.0,0,0,0,0,0,0,0,0,0,0,0
22,47,0.485,0.443,0.20346,2.0,0.0,19,3,0.076,0,0,0,0,0,0,0,0,0,0,0
4,5,0.408,0.0,0.83333,1.0,0.0,3,2,0.0,0,0,0,0,0,0,0,0,0,0,0
173,3589,-0.156,0.362,0.24123,26.0,61.0,771,12,0.35,0,0,0,0,0,0,0,0,0,0,0
217,931,0.395,0.179,0.03973,4.0,0.0,207,4,0.03,0,0,0,0,0,0,0,0,0,0,0
161,1891,-0.238,0.194,0.14682,14.0,7.0,241,6,0.221,0,0,0,0,0,0,0,0,0,0,0
172,5156,-0.198,0.374,0.35061,39.0,136.0,1187,16,0.464,0,0,0,0,0,0,0,0,0,0,0
78,1809,-0.184,0.599,0.6024,32.0,118.0,435,15,0.431,0,0,0,0,0,0,0,0,0,0,0
38,49,-0.235,0.0,0.0697,1.0,0.0,36,2,0.0,0,0,0,0,0,0,0,0,0,0,0
65,90,0.159,0.098,0.04327,1.0,0.0,59,3,0.046,0,0,0,0,0,0,0,0,0,0,0
70,1908,-0.226,0.549,0.79006,37.0,129.0,268,15,0.57,0,0,0,0,0,0,0,0,0,0,0
157,628,0.059,0.116,0.05128,4.0,0.0,150,4,0.083,0,0,0,0,0,0,0,0,0,0,0
191,827,0.238,0.08,0.04558,4.0,0.0,165,3,0.039,0,0,0,0,0,0,0,0,0,0,0
62,129,0.292,0.134,0.06822,2.0,0.0,56,2,0.0,0,0,0,0,0,0,0,0,0,0,0
84,263,0.075,0.105,0.07544,3.0,0.0,73,3,0.028,0,0,0,0,0,0,0,0,0,0,0
14,65,-0.281,0.437,0.71429,6.0,1.0,10,4,0.417,0,0,0,0,0,0,0,0,0,0,0
143,449,0.159,0.134,0.04422,3.0,0.0,131,3,0.012,0,0,0,0,0,0,0,0,0,0,0
30,49,0.377,0.0,0.11264,1.0,0.0,28,2,0.0,0,0,0,0,0,0,0,0,0,0,0
50,100,0.415,0.227,0.08163,2.0,0.0,47,3,0.037,0,0,0,0,0,0,0,0,0,0,0
84,169,0.186,0.154,0.04848,2.0,0.0,73,2,0.0,0,0,0,0,0,0,0,0,0,0,0
240,3257,-0.224,0.151,0.11356,16.0,6.0,279,8,0.318,0,0,0,0,0,0,0,0,0,0,0
145,1017,0.323,0.126,0.09741,8.0,0.0,183,3,0.051,0,0,0,0,0,0,0,0,0,0,0
100,193,0.189,0.085,0.03899,2.0,0.0,93,3,0.022,0,0,0,0,0,0,0,0,0,0,0
26,31,0.399,0.25,0.09538,1.0,0.0,24,2,0.0,0,0,0,0,0,0,0,0,0,0,0
203,6060,-0.284,0.339,0.29557,38.0,118.0,1465,14,0.496,0,0,0,0,0,0,0,0,0,0,0
141,1343,0.292,0.317,0.13607,11.0,7.0,251,6,0.15,0,0,0,0,0,0,0,0,0,0,0
229,4941,-0.228,0.23,0.18927,26.0,35.0,867,10,0.339,0,0,0,0,0,0,0,0,0,0,0
184,4383,-0.17,0.391,0.26033,32.0,127.0,1294,13,0.509,0,0,0,0,0,0,0,0,0,0,0
9,15,0.353,0.0,0.41667,1.0,0.0,7,2,0.0,0,0,0,0,0,0,0,0,0,0,0
134,4710,-0.15,0.465,0.52856,46.0,169.0,1219,15,0.518,0,0,0,0,0,0,0,0,0,0,0
144,1305,0.09,0.293,0.12675,10.0,7.0,192,8,0.232,0,0,0,0,0,0,0,0,0,0,0
46,106,0.203,0.109,0.10242,2.0,0.0,40,2,0.0,0,0,0,0,0,0,0,0,0,0,0
234,6920,-0.212,0.241,0.25384,36.0,33.0,873,8,0.311,0,0,0,0,0,0,0,0,0,0,0
28,30,0.04,0.0,0.07937,1.0,0.0,25,2,0.0,0,0,0,0,0,0,0,0,0,0,0
166,5138,-0.121,0.442,0.37517,41.0,179.0,2159,16,0.422,0,0,0,0,0,0,0,0,0,0,0
121,469,0.337,0.113,0.0646,3.0,0.0,112,2,0.0,0,0,0,0,0,0,0,0,0,0,0
22,34,-0.32,0.045,0.14719,1.0,0.0,18,2,0.0,0,0,0,0,0,0,0,0,0,0,0
130,1766,-0.255,0.256,0.21061,17.0,17.0,189,10,0.418,0,0,0,0,0,0,0,0,0,0,0
2,3,-0.5,0.0,3.0,2.0,0.0,1,2,0.0,1,0,0,0,0,0,0,0,0,0,0
131,1461,-0.184,0.32,0.17158,14.0,16.0,176,8,0.379,0,0,0,0,0,0,0,0,0,0,0
10,15,0.089,0.0,0.33333,1.0,0.0,8,2,0.0,0,0,0,0,0,0,0,0,0,0,0
134,3202,-0.159,0.378,0.35933,31.0,69.0,427,14,0.434,0,0,0,0,0,0,0,0,0,0,0
54,324,-0.188,0.261,0.22642,8.0,6.0,35,7,0.409,0,0,0,0,0,0,0,0,0,0,0
160,5506,-0.195,0.425,0.43286,44.0,145.0,1134,15,0.505,0,0,0,0,0,0,0,0,0,0,0
206,1766,-0.257,0.147,0.08364,10.0,8.0,204,9,0.246,0,0,0,0,0,0,0,0,0,0,0
97,270,0.222,0.124,0.05799,2.0,0.0,87,2,0.0,0,0,0,0,0,0,0,0,0,0,0
233,9128,-0.187,0.422,0.33772,50.0,229.0,5152,20,0.473,0,0,0,0,0,0,0,0,0,0,0
177,1190,0.174,0.177,0.0764,7.0,1.0,168,7,0.09,0,0,0,0,0,0,0,0,0,0,0
196,1532,-0.061,0.155,0.08017,8.0,0.0,196,4,0.081,0,0,0,0,0,0,0,0,0,0,0
94,2165,-0.251,0.416,0.49531,30.0,93.0,370,11,0.517,0,0,0,0,0,0,0,0,0,0,0
12,18,0.492,0.375,0.27273,2.0,0.0,11,2,0.0,0,0,0,0,0,0,0,0,0,0,0
225,4014,-0.042,0.425,0.15929,24.0,125.0,1140,20,0.406,0,0,0,0,0,0,0,0,0,0,0
142,1179,-0.276,0.18,0.11777,10.0,9.0,165,8,0.276,0,0,0,0,0,0,0,0,0,0,0
66,901,-0.292,0.331,0.42005,17.0,15.0,99,7,0.379,0,0,0,0,0,0,0,0,0,0,0
16,26,0.374,0.375,0.21667,1.0,0.0,13,2,0.0,0,0,0,0,0,0,0,0,0,0,0
139,2460,-0.257,0.317,0.25649,23.0,32.0,430,8,0.367,0,0,0,0,0,0,0,0,0,0,0
40,336,0.047,0.365,0.43077,10.0,4.0,55,4,0.304,0,0,0,0,0,0,0,0,0,0,0
40,71,-0.16,0.056,0.09103,1.0,0.0,35,2,0.0,0,0,0,0,0,0,0,0,0,0,0
160,3359,-0.105,0.373,0.26407,28.0,58.0,630,11,0.429,0,0,0,0,0,0,0,0,0,0,0
221,4393,-0.213,0.245,0.18071,25.0,34.0,537,12,0.347,0,0,0,0,0,0,0,0,0,0,0
18,99,-0.346,0.383,0.64706,7.0,3.0,13,5,0.477,0,0,0,0,0,0,0,0,0,0,0
47,613,-0.252,0.426,0.56707,17.0,12.0,62,7,0.438,0,0,0,0,0,0,0,0,0,0,0
227,4185,-0.008,0.261,0.16315,22.0,15.0,580,7,0.26,0,0,0,0,0,0,0,0,0,0,0
10,15,0.717,0.6,0.33333,1.0,0.0,8,3,0.3,0,0,0,0,0,0,0,0,0,0,0
7,21,0.072,0.625,1.0,3.0,0.0,4,3,0.619,0,0,0,0,0,0,0,0,0,0,0
55,93,-0.033,0.019,0.06263,1.0,0.0,48,2,0.0,0,0,0,0,0,0,0,0,0,0,0
189,3820,-0.282,0.266,0.21502,24.0,17.0,440,7,0.365,0,0,0,0,0,0,0,0,0,0,0
27,37,-0.197,0.125,0.10541,1.0,0.0,25,2,0.0,0,0,0,0,0,0,0,0,0,0,0
124,1094,-0.232,0.252,0.14346,11.0,16.0,124,13,0.243,0,0,0,0,0,0,0,0,0,0,0
122,176,0.303,0.0,0.02385,1.0,0.0,114,2,0.0,0,0,0,0,0,0,0,0,0,0,0
42,58,0.366,0.25,0.06736,1.0,0.0,38,3,0.071,0,0,0,0,0,0,0,0,0,0,0
5,7,0.471,0.0,0.7,1.0,0.0,3,2,0.0,0,0,0,0,0,0,0,0,0,0,0
40,92,0.39,0.356,0.11795,2.0,0.0,34,3,0.096,0,0,0,0,0,0,0,0,0,0,0
77,208,0.412,0.135,0.07109,2.0,0.0,64,3,0.039,0,0,0,0,0,0,0,0,0,0,0
95,2728,-0.237,0.466,0.61097,37.0,68.0,428,11,0.425,0,0,0,0,0,0,0,0,0,0,0
234,6039,-0.142,0.312,0.22153,34.0,113.0,1139,16,0.476,0,0,0,0,0,0,0,0,0,0,0
163,1575,-0.24,0.139,0.11929,11.0,4.0,204,6,0.139,0,0,0,0,0,0,0,0,0,0,0
79,1146,-0.319,0.398,0.37196,18.0,22.0,73,13,0.439,0,0,0,0,0,0,0,0,0,0,0
71,149,0.05,0.04,0.05996,2.0,0.0,66,2,0.0,0,0,0,0,0,0,0,0,0,0,0
113,4270,-0.29,0.509,0.67478,51.0,231.0,1555,16,0.557,0,0,0,0,0,0,0,0,0,0,0
49,71,0.166,0.024,0.06037,1.0,0.0,44,2,0.0,0,0,0,0,0,0,0,0,0,0,0
14,56,-0.164,0.397,0.61538,4.0,1.0,10,3,0.421,1,0,0,0,0,0,0,0,0,0,0
6,7,0.548,0.0,0.46667,1.0,0.0,5,2,0.0,0,0,0,0,0,0,0,0,0,0,0
102,1585,-0.193,0.301,0.30771,20.0,13.0,172,6,0.382,0,0,0,0,0,0,0,0,0,0,0
7,14,-0.73,0.19,0.66667,2.0,0.0,6,2,0.0,0,0,0,0,0,0,0,0,0,0,0
186,4305,-0.182,0.309,0.25022,29.0,53.0,745,11,0.372,0,0,0,0,0,0,0,0,0,0,0
2,2,0,0.0,2.0,2.0,0.0,1,2,0.0,1,0,0,0,0,0,0,0,0,0,0
230,7515,-0.244,0.28,0.28536,40.0,84.0,1675,11,0.407,0,0,0,0,0,0,0,0,0,0,0
156,560,0.128,0.126,0.04632,3.0,0.0,140,4,0.05,0,0,0,0,0,0,0,0,0,0,0
100,1765,-0.197,0.367,0.35657,22.0,27.0,202,9,0.423,0,0,0,0,0,0,0,0,0,0,0
110,369,0.161,0.133,0.06155,3.0,0.0,98,3,0.039,0,0,0,0,0,0,0,0,0,0,0
5,9,0.053,0.0,0.9,1.0,0.0,3,2,0.0,0,0,0,0,0,0,0,0,0,0,0
114,651,0.089,0.111,0.10107,5.0,0.0,106,4,0.036,0,0,0,0,0,0,0,0,0,0,0
181,538,0.079,0.077,0.03303,2.0,0.0,163,4,0.023,0,0,0,0,0,0,0,0,0,0,0
11,16,0.096,0.0,0.29091,1.0,0.0,9,2,0.0,0,0,0,0,0,0,0,0,0,0,0
34,39,0.035,0.0,0.06952,1.0,0.0,30,2,0.0,0,0,0,0,0,0,0,0,0,0,0
49,488,0.059,0.478,0.41497,13.0,5.0,68,5,0.308,0,0,0,0,0,0,0,0,0,0,0
77,224,-0.247,0.102,0.07656,2.0,0.0,69,4,0.039,0,0,0,0,0,0,0,0,0,0,0
11,10,-0.612,0.0,0.18182,1.0,0.0,10,2,0.0,0,0,0,0,0,0,0,0,0,0,0
186,4048,-0.168,0.255,0.23528,27.0,18.0,503,6,0.305,0,0,0,0,0,0,0,0,0,0,0
164,2105,-0.255,0.284,0.15749,16.0,9.0,228,8,0.309,0,0,0,0,0,0,0,0,0,0,0
17,25,0.247,0.0,0.18382,1.0,0.0,15,2,0.0,0,0,0,0,0,0,0,0,0,0,0
175,6737,-0.173,0.462,0.4425,48.0,147.0,1822,16,0.394,0,0,0,0,0,0,0,0,0,0,0
65,785,-0.153,0.296,0.3774,15.0,6.0,92,5,0.337,0,0,0,0,0,0,0,0,0,0,0
190,5990,-0.146,0.365,0.33361,42.0,148.0,1304,16,0.507,0,0,0,0,0,0,0,0,0,0,0
239,4711,-0.116,0.267,0.16564,27.0,79.0,1314,11,0.374,0,0,0,0,0,0,0,0,0,0,0
87,235,0.479,0.301,0.06282,3.0,0.0,79,4,0.101,0,0,0,0,0,0,0,0,0,0,0
165,3557,-0.104,0.446,0.2629,28.0,120.0,1433,16,0.445,0,0,0,0,0,0,0,0,0,0,0
62,584,-0.24,0.327,0.30883,12.0,8.0,57,7,0.44,0,0,0,0,0,0,0,0,0,0,0
14,19,-0.18,0.0,0.20879,1.0,0.0,13,2,0.0,0,0,0,0,0,0,0,0,0,0,0
10,17,-0.122,0.375,0.37778,1.0,0.0,8,2,0.0,0,0,0,0,0,0,0,0,0,0,0
13,27,0.018,0.469,0.34615,2.0,0.0,10,3,0.179,0,0,0,0,0,0,0,0,0,0,0
48,94,0.008,0.056,0.08333,2.0,0.0,40,2,0.0,0,0,0,0,0,0,0,0,0,0,0
45,108,0.197,0.211,0.10909,3.0,0.0,41,4,0.126,0,0,0,0,0,0,0,0,0,0,0
199,8836,-0.196,0.388,0.44851,56.0,156.0,2379,13,0.459,0,0,0,0,0,0,0,0,0,0,0
55,430,0.122,0.31,0.28956,9.0,1.0,63,4,0.207,0,0,0,0,0,0,0,0,0,0,0
76,172,0.123,0.07,0.06035,2.0,0.0,69,2,0.0,0,0,0,0,0,0,0,0,0,0,0
14,118,0.254,0.737,1.2967,12.0,17.0,9,7,0.662,0,0,0,0,0,0,0,0,0,0,0
34,63,0.229,0.167,0.1123,1.0,0.0,30,2,0.0,0,0,0,0,0,0,0,0,0,0,0
213,5312,-0.133,0.299,0.23527,30.0,45.0,875,10,0.384,0,0,0,0,0,0,0,0,0,0,0
29,51,0.712,0.658,0.12562,2.0,0.0,25,4,0.138,0,0,0,0,0,0,0,0,0,0,0
72,1226,-0.197,0.416,0.47966,22.0,20.0,155,7,0.418,0,0,0,0,0,0,0,0,0,0,0
110,422,0.145,0.113,0.07039,3.0,0.0,98,4,0.035,0,0,0,0,0,0,0,0,0,0,0
222,7381,-0.183,0.405,0.30088,41.0,73.0,1206,12,0.404,0,0,0,0,0,0,0,0,0,0,0
51,79,0.17,0.158,0.06196,1.0,0.0,44,3,0.059,0,0,0,0,0,0,0,0,0,0,0
236,4511,-0.179,0.257,0.16268,23.0,22.0,509,9,0.31,0,0,0,0,0,0,0,0,0,0,0
231,4396,-0.163,0.266,0.16548,23.0,37.0,716,10,0.304,0,0,0,0,0,0,0,0,0,0,0
134,2115,-0.157,0.332,0.23735,21.0,52.0,318,13,0.368,0,0,0,0,0,0,0,0,0,0,0
78,1415,-0.242,0.364,0.4712,23.0,35.0,107,11,0.469,0,0,0,0,0,0,0,0,0,0,0
143,1328,-0.229,0.184,0.1308,11.0,7.0,165,8,0.325,0,0,0,0,0,0,0,0,0,0,0
59,777,-0.229,0.389,0.45412,17.0,12.0,77,6,0.441,0,0,0,0,0,0,0,0,0,0,0
25,36,0.03,0.0,0.12,2.0,0.0,21,2,0.0,0,0,0,0,0,0,0,0,0,0,0
119,215,0.227,0.045,0.03062,1.0,0.0,112,2,0.0,0,0,0,0,0,0,0,0,0,0,0
21,45,0.435,0.317,0.21429,2.0,0.0,18,2,0.0,0,0,0,0,0,0,0,0,0,0,0
3,5,-0.25,0.0,1.66667,1.0,0.0,2,2,0.0,0,0,0,0,0,0,0,0,0,0,0
186,3112,-0.214,0.232,0.18088,21.0,23.0,478,8,0.328,0,0,0,0,0,0,0,0,0,0,0
16,82,-0.251,0.327,0.68333,7.0,0.0,14,3,0.279,0,0,0,0,0,0,0,0,0,0,0
184,2158,-0.069,0.218,0.12818,13.0,4.0,274,6,0.223,0,0,0,0,0,0,0,0,0,0,0
73,197,0.178,0.113,0.07496,2.0,0.0,66,2,0.0,0,0,0,0,0,0,0,0,0,0,0
246,3148,-0.175,0.128,0.10446,16.0,8.0,371,6,0.319,0,0,0,0,0,0,0,0,0,0,0
199,5051,-0.156,0.292,0.25638,33.0,64.0,1241,12,0.335,0,0,0,0,0,0,0,0,0,0,0
178,5926,-0.271,0.439,0.37618,44.0,136.0,1788,14,0.428,0,0,0,0,0,0,0,0,0,0,0
36,311,-0.286,0.369,0.49365,11.0,13.0,45,7,0.36,0,0,0,0,0,0,0,0,0,0,0
177,2905,0.019,0.19,0.1865,19.0,1.0,309,5,0.086,0,0,0,0,0,0,0,0,0,0,0
98,270,0.203,0.143,0.05681,3.0,0.0,86,3,0.043,0,0,0,0,0,0,0,0,0,0,0
16,19,0.159,0.0,0.15833,1.0,0.0,14,2,0.0,0,0,0,0,0,0,0,0,0,0,0
32,131,0.467,0.6,0.26411,5.0,2.0,22,5,0.384,0,0,0,0,0,0,0,0,0,0,0
120,1582,-0.191,0.345,0.22157,18.0,33.0,259,9,0.436,0,0,0,0,0,0,0,0,0,0,0
116,1847,-0.117,0.397,0.27691,19.0,20.0,271,7,0.368,0,0,0,0,0,0,0,0,0,0,0
200,3721,-0.143,0.299,0.18698,23.0,34.0,371,12,0.404,0,0,0,0,0,0,0,0,0,0,0
61,478,-0.242,0.263,0.2612,10.0,4.0,61,5,0.341,0,0,0,0,0,0,0,0,0,0,0
191,3611,-0.066,0.373,0.19901,25.0,60.0,713,12,0.528,0,0,0,0,0,0,0,0,0,0,0
29,233,0.174,0.557,0.57389,10.0,7.0,35,5,0.355,0,0,0,0,0,0,0,0,0,0,0
91,242,0.061,0.177,0.0591,2.0,0.0,81,3,0.049,0,0,0,0,0,0,0,0,0,0,0
206,3462,-0.154,0.23,0.16396,21.0,26.0,433,15,0.3,0,0,0,0,0,0,0,0,0,0,0
128,302,0.146,0.098,0.03716,2.0,0.0,112,2,0.0,0,0,0,0,0,0,0,0,0,0,0
136,1695,-0.174,0.277,0.18464,16.0,20.0,176,10,0.466,0,0,0,0,0,0,0,0,0,0,0
156,789,0.634,0.519,0.06526,6.0,3.0,149,7,0.144,0,0,0,0,0,0,0,0,0,0,0
62,432,-0.219,0.222,0.22845,8.0,5.0,55,7,0.26,0,0,0,0,0,0,0,0,0,0,0
42,249,-0.17,0.248,0.2892,7.0,3.0,34,6,0.341,0,0,0,0,0,0,0,0,0,0,0
226,3866,-0.184,0.159,0.15206,21.0,15.0,475,8,0.274,0,0,0,0,0,0,0,0,0,0,0
248,8237,-0.162,0.38,0.26894,43.0,132.0,2201,15,0.405,0,0,0,0,0,0,0,0,0,0,0
25,56,0.346,0.278,0.18667,2.0,0.0,21,3,0.12,0,0,0,0,0,0,0,0,0,0,0
189,5836,0.138,0.474,0.32849,41.0,229.0,3434,18,0.388,0,0,0,0,0,0,0,0,0,0,0
95,1002,0.21,0.473,0.22441,13.0,18.0,131,9,0.362,0,0,0,0,0,0,0,0,0,0,0
15,22,-0.009,0.0,0.20952,1.0,0.0,14,2,0.0,0,0,0,0,0,0,0,0,0,0,0
74,1262,-0.05,0.366,0.46723,22.0,9.0,182,5,0.246,0,0,0,0,0,0,0,0,0,0,0
40,406,-0.117,0.389,0.52051,12.0,1.0,56,3,0.162,0,0,0,0,0,0,0,0,0,0,0
12,30,0.053,0.34,0.45455,3.0,0.0,10,2,0.0,0,0,0,0,0,0,0,0,0,0,0
190,4483,-0.235,0.263,0.24968,29.0,32.0,431,9,0.427,0,0,0,0,0,0,0,0,0,0,0
148,1110,0.226,0.13,0.10204,8.0,0.0,154,3,0.07,0,0,0,0,0,0,0,0,0,0,0
16,26,0.021,0.111,0.21667,2.0,0.0,12,2,0.0,0,0,0,0,0,0,0,0,0,0,0
23,265,-0.154,0.621,1.04743,15.0,12.0,33,5,0.662,2,0,0,0,0,0,0,0,0,0,0
23,59,0.283,0.3,0.2332,2.0,0.0,19,3,0.101,0,0,0,0,0,0,0,0,0,0,0
77,634,-0.282,0.26,0.21668,10.0,10.0,72,9,0.365,0,0,0,0,0,0,0,0,0,0,0
197,1310,0.25,0.157,0.06785,7.0,0.0,217,4,0.071,0,0,0,0,0,0,0,0,0,0,0
146,963,-0.257,0.082,0.09098,8.0,1.0,132,5,0.284,0,0,0,0,0,0,0,0,0,0,0
31,101,-0.399,0.144,0.2172,4.0,0.0,28,4,0.147,0,0,0,0,0,0,0,0,0,0,0
163,1080,0.097,0.179,0.0818,7.0,0.0,178,4,0.098,0,0,0,0,0,0,0,0,0,0,0
62,92,0.355,0.091,0.04865,1.0,0.0,55,2,0.0,0,0,0,0,0,0,0,0,0,0,0
31,285,0.15,0.475,0.6129,11.0,1.0,39,4,0.191,0,0,0,0,0,0,0,0,0,0,0
3,8,-0.333,1.0,2.66667,4.0,1.0,1,3,1.0,2,0,0,0,0,0,0,0,0,0,0
178,4337,-0.144,0.354,0.27531,32.0,63.0,852,10,0.434,0,0,0,0,0,0,0,0,0,0,0
81,451,-0.341,0.151,0.1392,7.0,1.0,67,5,0.207,0,0,0,0,0,0,0,0,0,0,0
9,10,-0.089,0.0,0.27778,1.0,0.0,8,2,0.0,0,0,0,0,0,0,0,0,0,0,0
186,670,0.544,0.27,0.03894,4.0,0.0,185,4,0.041,0,0,0,0,0,0,0,0,0,0,0
95,183,0.028,0.048,0.04099,2.0,0.0,88,2,0.0,0,0,0,0,0,0,0,0,0,0,0
101,475,0.418,0.372,0.09406,5.0,1.0,93,5,0.079,0,0,0,0,0,0,0,0,0,0,0
32,53,0.646,0.433,0.10685,2.0,0.0,29,3,0.073,0,0,0,0,0,0,0,0,0,0,0
228,3521,-0.212,0.231,0.13606,18.0,17.0,418,9,0.273,0,0,0,0,0,0,0,0,0,0,0
51,87,0.499,0.366,0.06824,1.0,0.0,43,3,0.046,0,0,0,0,0,0,0,0,0,0,0
34,185,-0.372,0.282,0.32977,7.0,3.0,28,5,0.382,0,0,0,0,0,0,0,0,0,0,0
159,2132,0.009,0.234,0.16973,15.0,2.0,241,5,0.083,0,0,0,0,0,0,0,0,0,0,0
87,1838,-0.213,0.419,0.49131,27.0,30.0,200,8,0.429,0,0,0,0,0,0,0,0,0,0,0
218,4252,-0.187,0.193,0.17977,24.0,17.0,497,8,0.316,0,0,0,0,0,0,0,0,0,0,0
4,12,0,0.643,2.0,3.0,0.0,2,3,0.583,1,0,0,0,0,0,0,0,0,0,0
198,3454,-0.215,0.197,0.1771,21.0,13.0,394,7,0.262,0,0,0,0,0,0,0,0,0,0,0
41,83,0.079,0.083,0.10122,2.0,0.0,36,2,0.0,0,0,0,0,0,0,0,0,0,0,0
106,242,0.145,0.12,0.04349,2.0,0.0,96,2,0.0,0,0,0,0,0,0,0,0,0,0,0
239,5705,-0.176,0.307,0.20059,32.0,103.0,2290,12,0.385,0,0,0,0,0,0,0,0,0,0,0
45,385,-0.263,0.288,0.38889,11.0,5.0,50,5,0.414,0,0,0,0,0,0,0,0,0,0,0
48,367,0.29,0.363,0.32535,9.0,3.0,62,5,0.244,0,0,0,0,0,0,0,0,0,0,0
168,2186,0.244,0.349,0.15583,15.0,15.0,388,8,0.171,0,0,0,0,0,0,0,0,0,0,0
87,260,0.23,0.239,0.0695,3.0,0.0,73,4,0.131,0,0,0,0,0,0,0,0,0,0,0
3,5,-0.408,0.5,1.66667,2.0,0.0,2,2,0.0,0,0,0,0,0,0,0,0,0,0,0
49,82,0.019,0.083,0.06973,1.0,0.0,44,2,0.0,0,0,0,0,0,0,0,0,0,0,0
197,5834,-0.215,0.247,0.30219,36.0,27.0,601,8,0.331,0,0,0,0,0,0,0,0,0,0,0
104,239,0.153,0.107,0.04462,2.0,0.0,94,3,0.022,0,0,0,0,0,0,0,0,0,0,0
107,270,0.101,0.071,0.04761,2.0,0.0,99,2,0.0,0,0,0,0,0,0,0,0,0,0,0
34,78,0.457,0.462,0.13904,2.0,0.0,28,4,0.167,0,0,0,0,0,0,0,0,0,0,0
63,506,-0.344,0.302,0.25909,10.0,7.0,73,6,0.329,0,0,0,0,0,0,0,0,0,0,0
90,677,-0.023,0.25,0.16904,8.0,3.0,90,5,0.31,0,0,0,0,0,0,0,0,0,0,0
11,14,-0.227,0.0,0.25455,1.0,0.0,10,2,0.0,0,0,0,0,0,0,0,0,0,0,0
142,2680,-0.149,0.292,0.26771,24.0,22.0,400,7,0.335,0,0,0,0,0,0,0,0,0,0,0
151,3762,-0.184,0.232,0.33219,30.0,26.0,398,8,0.332,0,0,0,0,0,0,0,0,0,0,0
25,33,-0.092,0.125,0.11,2.0,0.0,22,2,0.0,0,0,0,0,0,0,0,0,0,0,0
78,179,0.3,0.289,0.05961,2.0,0.0,69,4,0.122,0,0,0,0,0,0,0,0,0,0,0
37,54,0.332,0.0,0.08108,1.0,0.0,34,2,0.0,0,0,0,0,0,0,0,0,0,0,0
50,248,-0.312,0.146,0.20245,6.0,1.0,46,5,0.177,0,0,0,0,0,0,0,0,0,0,0
24,170,-0.404,0.428,0.61594,8.0,5.0,24,5,0.322,0,0,0,0,0,0,0,0,0,0,0
33,358,-0.237,0.546,0.67803,15.0,24.0,45,7,0.504,0,0,0,0,0,0,0,0,0,0,0
93,670,-0.251,0.174,0.15662,9.0,2.0,96,5,0.243,0,0,0,0,0,0,0,0,0,0,0
71,388,-0.095,0.165,0.15614,5.0,0.0,66,4,0.06,0,0,0,0,0,0,0,0,0,0,0
10,11,0.77,0.75,0.24444,1.0,0.0,9,2,0.0,0,0,0,0,0,0,0,0,0,0,0
95,1983,-0.152,0.444,0.44412,28.0,85.0,394,15,0.536,0,0,0,0,0,0,0,0,0,0,0
59,110,0.231,0.026,0.06429,1.0,0.0,56,2,0.0,0,0,0,0,0,0,0,0,0,0,0
116,897,-0.268,0.157,0.13448,10.0,6.0,129,6,0.353,0,0,0,0,0,0,0,0,0,0,0
12,55,-0.348,0.463,0.83333,6.0,3.0,8,5,0.555,0,0,0,0,0,0,0,0,0,0,0
14,28,0.715,0.833,0.30769,2.0,0.0,12,3,0.274,0,0,0,0,0,0,0,0,0,0,0
84,1215,-0.228,0.374,0.34854,18.0,20.0,137,7,0.418,0,0,0,0,0,0,0,0,0,0,0
141,3587,-0.168,0.337,0.36342,32.0,45.0,441,9,0.399,0,0,0,0,0,0,0,0,0,0,0
73,744,-0.132,0.386,0.28311,13.0,18.0,78,9,0.486,0,0,0,0,0,0,0,0,0,0,0
234,5774,-0.168,0.31,0.2118,31.0,66.0,944,16,0.375,0,0,0,0,0,0,0,0,0,0,0
2,3,-0.5,0.0,3.0,2.0,0.0,1,2,0.0,1,0,0,0,0,0,0,0,0,0,0
174,5074,-0.221,0.335,0.33712,37.0,73.0,1064,10,0.357,0,0,0,0,0,0,0,0,0,0,0
180,4461,-0.198,0.325,0.27691,30.0,35.0,537,10,0.341,0,0,0,0,0,0,0,0,0,0,0
56,113,-0.059,0.074,0.07338,2.0,0.0,51,2,0.0,0,0,0,0,0,0,0,0,0,0,0
173,1566,-0.241,0.109,0.10526,11.0,2.0,158,6,0.271,0,0,0,0,0,0,0,0,0,0,0
160,1258,-0.228,0.155,0.0989,10.0,7.0,153,7,0.389,0,0,0,0,0,0,0,0,0,0,0
151,3679,-0.141,0.39,0.32486,31.0,70.0,539,13,0.445,0,0,0,0,0,0,0,0,0,0,0
9,7,0,0.0,0.19444,1.0,0.0,8,2,0.0,0,0,0,0,0,0,0,0,0,0,0
216,2959,-0.206,0.188,0.12743,17.0,14.0,398,9,0.3,0,0,0,0,0,0,0,0,0,0,0
97,243,0.075,0.156,0.05219,2.0,0.0,82,3,0.032,0,0,0,0,0,0,0,0,0,0,0
45,69,0.373,0.0,0.0697,1.0,0.0,41,2,0.0,0,0,0,0,0,0,0,0,0,0,0
247,4497,-0.165,0.261,0.14802,23.0,32.0,443,12,0.398,0,0,0,0,0,0,0,0,0,0,0
37,62,0.239,0.059,0.09309,2.0,0.0,33,2,0.0,0,0,0,0,0,0,0,0,0,0,0
58,618,-0.227,0.301,0.37387,13.0,6.0,69,7,0.341,0,0,0,0,0,0,0,0,0,0,0
2333,630682,-0.092,0.288,0.23184,319.0,5855.0,0,0,0,0,0,0,0,0,0,0,0,0,0,0
2,3,-0.5,0.0,3.0,2.0,0.0,1,2,0.0,1,0,0,0,0,0,0,0,0,0,0
62,811,-0.217,0.269,0.42887,16.0,8.0,78,6,0.379,0,0,0,0,0,0,0,0,0,0,0
38,485,-0.214,0.456,0.6899,16.0,21.0,41,8,0.486,0,0,0,0,0,0,0,0,0,0,0
144,661,0.255,0.276,0.0642,5.0,1.0,143,5,0.154,0,0,0,0,0,0,0,0,0,0,0
55,80,0.164,0.079,0.05387,1.0,0.0,50,2,0.0,0,0,0,0,0,0,0,0,0,0,0
49,232,0.197,0.233,0.19728,5.0,0.0,52,3,0.061,0,0,0,0,0,0,0,0,0,0,0
52,82,0.071,0.095,0.06184,1.0,0.0,49,2,0.0,0,0,0,0,0,0,0,0,0,0,0
58,950,-0.191,0.461,0.57471,21.0,26.0,98,8,0.575,0,0,0,0,0,0,0,0,0,0,0
187,607,0.229,0.104,0.0349,3.0,0.0,179,3,0.013,0,0,0,0,0,0,0,0,0,0,0
229,4273,-0.249,0.236,0.16368,24.0,39.0,994,8,0.358,0,0,0,0,0,0,0,0,0,0,0
239,7617,-0.099,0.324,0.26782,42.0,100.0,2061,12,0.379,0,0,0,0,0,0,0,0,0,0,0
130,545,0.214,0.114,0.065,4.0,0.0,121,3,0.034,0,0,0,0,0,0,0,0,0,0,0
55,293,0.195,0.172,0.19731,5.0,0.0,57,3,0.038,0,0,0,0,0,0,0,0,0,0,0
15,140,-0.255,0.782,1.33333,14.0,19.0,12,7,0.686,0,0,0,0,0,0,0,0,0,0,0
182,632,0.341,0.115,0.03837,3.0,0.0,167,3,0.011,0,0,0,0,0,0,0,0,0,0,0
66,618,-0.271,0.243,0.28811,11.0,6.0,67,6,0.32,0,0,0,0,0,0,0,0,0,0,0
65,531,-0.269,0.231,0.25529,10.0,4.0,79,5,0.264,0,0,0,0,0,0,0,0,0,0,0
157,1971,-0.177,0.235,0.16095,15.0,13.0,177,10,0.334,0,0,0,0,0,0,0,0,0,0,0
19,17,-0.169,0.0,0.09942,1.0,0.0,18,2,0.0,0,0,0,0,0,0,0,0,0,0,0
148,689,0.219,0.091,0.06334,4.0,0.0,139,3,0.026,0,0,0,0,0,0,0,0,0,0,0
3,4,-0.577,0.0,1.33333,1.0,0.0,2,2,0.0,0,0,0,0,0,0,0,0,0,0,0
45,240,-0.207,0.25,0.24242,7.0,2.0,33,5,0.459,0,0,0,0,0,0,0,0,0,0,0
73,883,-0.138,0.321,0.336,15.0,8.0,99,8,0.419,0,0,0,0,0,0,0,0,0,0,0
16,17,0.056,0.0,0.14167,1.0,0.0,15,2,0.0,0,0,0,0,0,0,0,0,0,0,0
137,2840,-0.263,0.324,0.30485,26.0,27.0,298,8,0.412,0,0,0,0,0,0,0,0,0,0,0
14,16,-0.111,0.25,0.17582,1.0,0.0,12,2,0.0,0,0,0,0,0,0,0,0,0,0,0
61,98,0.051,0.0,0.05355,1.0,0.0,58,2,0.0,0,0,0,0,0,0,0,0,0,0,0
128,1650,-0.219,0.261,0.203,16.0,13.0,214,8,0.391,0,0,0,0,0,0,0,0,0,0,0
26,231,0.12,0.624,0.71077,12.0,15.0,43,6,0.542,1,0,0,0,0,0,0,0,0,0,0
171,2058,-0.212,0.181,0.14159,14.0,10.0,270,7,0.267,0,0,0,0,0,0,0,0,0,0,0
14,22,0.756,0.375,0.24176,2.0,0.0,11,3,0.214,0,0,0,0,0,0,0,0,0,0,0
178,894,0.183,0.115,0.05675,5.0,0.0,162,4,0.044,0,0,0,0,0,0,0,0,0,0,0
29,61,0.013,0.145,0.15025,2.0,0.0,24,2,0.0,0,0,0,0,0,0,0,0,0,0,0
60,135,0.458,0.295,0.07627,2.0,0.0,49,4,0.067,0,0,0,0,0,0,0,0,0,0,0
36,161,-0.277,0.213,0.25556,5.0,1.0,33,4,0.156,0,0,0,0,0,0,0,0,0,0,0
45,180,0.246,0.22,0.18182,4.0,0.0,39,3,0.048,0,0,0,0,0,0,0,0,0,0,0
102,1191,-0.142,0.24,0.23122,14.0,10.0,127,9,0.292,0,0,0,0,0,0,0,0,0,0,0
40,66,0.554,0.407,0.08462,1.0,0.0,37,3,0.083,0,0,0,0,0,0,0,0,0,0,0
95,250,0.588,0.32,0.05599,3.0,0.0,91,3,0.055,0,0,0,0,0,0,0,0,0,0,0
167,5259,-0.253,0.391,0.37941,40.0,123.0,1654,12,0.481,0,0,0,0,0,0,0,0,0,0,0
21,49,0.219,0.378,0.23333,2.0,0.0,16,3,0.254,0,0,0,0,0,0,0,0,0,0,0
18,45,0.396,0.768,0.29412,3.0,1.0,13,5,0.278,0,0,0,0,0,0,0,0,0,0,0
35,53,-0.014,0.0,0.08908,1.0,0.0,34,2,0.0,0,0,0,0,0,0,0,0,0,0,0
183,1322,0.292,0.156,0.07939,7.0,0.0,198,4,0.03,0,0,0,0,0,0,0,0,0,0,0
133,953,-0.36,0.153,0.10857,9.0,6.0,140,7,0.273,0,0,0,0,0,0,0,0,0,0,0
35,59,0.217,0.042,0.09916,1.0,0.0,30,2,0.0,0,0,0,0,0,0,0,0,0,0,0
204,1233,-0.033,0.126,0.05955,6.0,0.0,194,4,0.064,0,0,0,0,0,0,0,0,0,0,0
17,19,0.269,0.0,0.13971,1.0,0.0,16,2,0.0,0,0,0,0,0,0,0,0,0,0,0
149,2355,-0.211,0.275,0.21359,20.0,25.0,373,9,0.354,0,0,0,0,0,0,0,0,0,0,0
83,1108,-0.236,0.303,0.3256,16.0,11.0,114,7,0.331,0,0,0,0,0,0,0,0,0,0,0
142,943,0.153,0.166,0.0942,7.0,0.0,150,3,0.052,0,0,0,0,0,0,0,0,0,0,0
133,1223,-0.035,0.172,0.13933,10.0,0.0,190,4,0.062,0,0,0,0,0,0,0,0,0,0,0
196,2115,-0.26,0.106,0.11068,12.0,3.0,257,5,0.188,0,0,0,0,0,0,0,0,0,0,0
112,612,0.27,0.197,0.09846,5.0,0.0,113,3,0.032,0,0,0,0,0,0,0,0,0,0,0
7,12,0.75,0.6,0.57143,2.0,0.0,5,3,0.429,0,0,0,0,0,0,0,0,0,0,0
17,14,0.125,0.0,0.10294,0.0,0.0,16,2,0.0,0,0,0,0,0,0,0,0,0,0,0
23,38,0.398,0.548,0.1502,2.0,0.0,20,3,0.072,0,0,0,0,0,0,0,0,0,0,0
26,43,0.341,0.25,0.13231,2.0,0.0,23,2,0.0,0,0,0,0,0,0,0,0,0,0,0
204,1430,-0.304,0.067,0.06906,8.0,1.0,198,5,0.224,0,0,0,0,0,0,0,0,0,0,0
203,6457,-0.196,0.296,0.31493,39.0,49.0,787,9,0.436,0,0,0,0,0,0,0,0,0,0,0
73,1657,-0.296,0.443,0.63052,30.0,38.0,165,9,0.484,0,0,0,0,0,0,0,0,0,0,0
123,3432,-0.134,0.428,0.45742,38.0,133.0,943,16,0.479,0,0,0,0,0,0,0,0,0,0,0
219,3058,-0.38,0.208,0.12811,17.0,17.0,380,10,0.337,0,0,0,0,0,0,0,0,0,0,0
18,44,0.187,0.265,0.28758,2.0,0.0,14,3,0.12,0,0,0,0,0,0,0,0,0,0,0
91,692,-0.28,0.162,0.16899,9.0,3.0,97,6,0.228,0,0,0,0,0,0,0,0,0,0,0
166,1037,0.159,0.095,0.07572,6.0,0.0,157,4,0.058,0,0,0,0,0,0,0,0,0,0,0
157,5254,-0.115,0.431,0.42904,45.0,193.0,2749,14,0.488,0,0,0,0,0,0,0,0,0,0,0
87,578,0.168,0.241,0.1545,8.0,1.0,103,4,0.24,0,0,0,0,0,0,0,0,0,0,0
63,1529,-0.153,0.628,0.7829,35.0,154.0,292,16,0.597,0,0,0,0,0,0,0,0,0,0,0
6,8,0.0,0.0,0.53333,1.0,0.0,5,2,0.0,0,0,0,0,0,0,0,0,0,0,0
68,502,-0.317,0.211,0.22037,9.0,2.0,76,4,0.229,0,0,0,0,0,0,0,0,0,0,0
628,2869,-0.439,0.009,0.01457,4.0,0.0,644,4,0.025,0,0,0,0,0,0,0,0,0,0,0
135,2694,-0.23,0.353,0.29784,24.0,22.0,257,9,0.273,0,0,0,0,0,0,0,0,0,0,0
132,2742,-0.065,0.376,0.31714,25.0,32.0,579,7,0.319,0,0,0,0,0,0,0,0,0,0,0
180,2690,-0.217,0.225,0.16698,19.0,28.0,386,9,0.37,0,0,0,0,0,0,0,0,0,0,0
82,220,0.116,0.076,0.06625,2.0,0.0,71,2,0.0,0,0,0,0,0,0,0,0,0,0,0
81,1065,-0.167,0.343,0.3287,17.0,20.0,100,10,0.491,0,0,0,0,0,0,0,0,0,0,0
187,2622,-0.23,0.181,0.15077,17.0,8.0,316,6,0.269,0,0,0,0,0,0,0,0,0,0,0
231,3888,-0.183,0.291,0.14636,21.0,31.0,384,12,0.45,0,0,0,0,0,0,0,0,0,0,0
43,563,-0.209,0.437,0.62348,17.0,11.0,50,7,0.497,0,0,0,0,0,0,0,0,0,0,0
216,3452,-0.186,0.195,0.14866,20.0,14.0,453,7,0.354,0,0,0,0,0,0,0,0,0,0,0
59,109,0.021,0.034,0.06371,1.0,0.0,56,2,0.0,0,0,0,0,0,0,0,0,0,0,0
18,67,-0.419,0.22,0.43791,4.0,0.0,20,3,0.137,0,0,0,0,0,0,0,0,0,0,0
138,3243,-0.196,0.374,0.34307,30.0,68.0,583,12,0.425,0,0,0,0,0,0,0,0,0,0,0
22,30,0.44,0.375,0.12987,1.0,0.0,20,2,0.0,0,0,0,0,0,0,0,0,0,0,0
40,62,-0.126,0.0,0.07949,1.0,0.0,38,2,0.0,0,0,0,0,0,0,0,0,0,0,0
163,1470,-0.223,0.175,0.11134,11.0,8.0,205,7,0.327,0,0,0,0,0,0,0,0,0,0,0
124,1348,-0.202,0.187,0.17676,13.0,4.0,154,5,0.218,0,0,0,0,0,0,0,0,0,0,0
52,274,-0.27,0.185,0.20664,7.0,3.0,45,7,0.247,0,0,0,0,0,0,0,0,0,0,0
68,711,-0.162,0.403,0.31212,14.0,12.0,98,7,0.275,0,0,0,0,0,0,0,0,0,0,0
122,3584,0.077,0.539,0.48557,40.0,178.0,1903,16,0.506,0,0,0,0,0,0,0,0,0,0,0
98,3505,-0.133,0.651,0.73743,50.0,355.0,867,24,0.548,0,0,0,0,0,0,0,0,0,0,0
220,5505,-0.096,0.353,0.22852,32.0,69.0,1158,12,0.359,0,0,0,0,0,0,0,0,0,0,0
10,15,0.236,0.0,0.33333,1.0,0.0,8,2,0.0,0,0,0,0,0,0,0,0,0,0,0
91,157,0.043,0.028,0.03834,2.0,0.0,80,2,0.0,0,0,0,0,0,0,0,0,0,0,0
212,5036,-0.189,0.243,0.22516,28.0,23.0,457,10,0.422,0,0,0,0,0,0,0,0,0,0,0
9,14,0.624,0.5,0.38889,2.0,0.0,6,2,0.0,0,0,0,0,0,0,0,0,0,0,0
30,38,0.412,0.313,0.08736,1.0,0.0,27,2,0.0,0,0,0,0,0,0,0,0,0,0,0
14,66,-0.185,0.505,0.72527,5.0,1.0,11,3,0.517,1,0,0,0,0,0,0,0,0,0,0
91,658,-0.331,0.172,0.16068,8.0,2.0,116,5,0.182,0,0,0,0,0,0,0,0,0,0,0
14,15,0.659,0.0,0.16484,1.0,0.0,13,2,0.0,0,0,0,0,0,0,0,0,0,0,0
6,8,0.0,0.0,0.53333,1.0,0.0,5,2,0.0,0,0,0,0,0,0,0,0,0,0,0
162,1500,0.207,0.248,0.11502,11.0,3.0,255,5,0.173,0,0,0,0,0,0,0,0,0,0,0
16,21,0.12,0.389,0.175,1.0,0.0,13,3,0.188,0,0,0,0,0,0,0,0,0,0,0
104,1424,-0.192,0.267,0.26587,17.0,9.0,161,6,0.373,0,0,0,0,0,0,0,0,0,0,0
144,2973,-0.195,0.41,0.28875,27.0,73.0,566,13,0.463,0,0,0,0,0,0,0,0,0,0,0
170,2018,0.094,0.223,0.14048,13.0,3.0,277,6,0.149,0,0,0,0,0,0,0,0,0,0,0
35,359,-0.343,0.436,0.60336,13.0,10.0,35,6,0.475,0,0,0,0,0,0,0,0,0,0,0
42,291,-0.297,0.306,0.33798,9.0,8.0,45,7,0.354,0,0,0,0,0,0,0,0,0,0,0
39,76,-0.008,0.106,0.10256,2.0,0.0,33,2,0.0,0,0,0,0,0,0,0,0,0,0,0
76,259,0.11,0.138,0.09088,3.0,0.0,71,3,0.041,0,0,0,0,0,0,0,0,0,0,0
2,3,-0.5,0.0,3.0,2.0,0.0,1,2,0.0,1,0,0,0,0,0,0,0,0,0,0
192,5693,-0.183,0.334,0.31048,38.0,72.0,1174,11,0.393,0,0,0,0,0,0,0,0,0,0,0
138,284,0.075,0.072,0.03004,2.0,0.0,130,2,0.0,0,0,0,0,0,0,0,0,0,0,0
115,320,0.255,0.119,0.04882,2.0,0.0,102,2,0.0,0,0,0,0,0,0,0,0,0,0,0
217,9931,-0.193,0.457,0.42375,61.0,300.0,8526,15,0.476,0,0,0,0,0,0,0,0,0,0,0
70,203,0.239,0.073,0.08406,3.0,0.0,60,2,0.0,0,0,0,0,0,0,0,0,0,0,0
3,5,-0.25,0.0,1.66667,1.0,0.0,2,2,0.0,0,0,0,0,0,0,0,0,0,0,0
106,2506,-0.112,0.448,0.45031,31.0,75.0,335,11,0.618,0,0,0,0,0,0,0,0,0,0,0
58,400,0.268,0.262,0.24198,8.0,1.0,77,4,0.132,0,0,0,0,0,0,0,0,0,0,0
125,279,0.34,0.169,0.036,2.0,0.0,113,3,0.028,0,0,0,0,0,0,0,0,0,0,0
25,51,0.358,0.167,0.17,2.0,0.0,20,3,0.093,0,0,0,0,0,0,0,0,0,0,0
118,2167,-0.231,0.292,0.31392,23.0,24.0,251,9,0.395,0,0,0,0,0,0,0,0,0,0,0
70,978,-0.194,0.363,0.40497,18.0,18.0,103,8,0.396,0,0,0,0,0,0,0,0,0,0,0
29,44,0.19,0.0,0.10837,1.0,0.0,26,2,0.0,0,0,0,0,0,0,0,0,0,0,0
4,5,-0.167,0.0,0.83333,1.0,0.0,3,2,0.0,0,0,0,0,0,0,0,0,0,0,0
79,1201,-0.115,0.412,0.38981,20.0,31.0,176,9,0.464,0,0,0,0,0,0,0,0,0,0,0
64,136,0.384,0.225,0.06746,2.0,0.0,59,4,0.063,0,0,0,0,0,0,0,0,0,0,0
134,1061,-0.294,0.139,0.11907,9.0,3.0,122,7,0.297,0,0,0,0,0,0,0,0,0,0,0
63,623,-0.325,0.242,0.319,12.0,1.0,65,4,0.195,0,0,0,0,0,0,0,0,0,0,0
40,234,-0.324,0.275,0.3,7.0,2.0,39,4,0.285,0,0,0,0,0,0,0,0,0,0,0
47,63,0.229,0.172,0.05828,1.0,0.0,42,2,0.0,0,0,0,0,0,0,0,0,0,0,0
132,2680,0.047,0.404,0.30997,25.0,40.0,425,9,0.406,0,0,0,0,0,0,0,0,0,0,0
49,554,-0.396,0.463,0.47109,14.0,15.0,97,6,0.368,0,0,0,0,0,0,0,0,0,0,0
7,9,-0.142,0.0,0.42857,1.0,0.0,5,2,0.0,0,0,0,0,0,0,0,0,0,0,0
25,29,0.208,0.0,0.09667,1.0,0.0,23,2,0.0,0,0,0,0,0,0,0,0,0,0,0
206,1249,0.097,0.086,0.05915,6.0,0.0,184,4,0.025,0,0,0,0,0,0,0,0,0,0,0
140,391,0.261,0.201,0.04018,3.0,0.0,126,4,0.047,0,0,0,0,0,0,0,0,0,0,0
85,820,-0.219,0.183,0.22969,11.0,3.0,97,5,0.253,0,0,0,0,0,0,0,0,0,0,0
247,9876,-0.106,0.391,0.32507,53.0,212.0,4488,16,0.441,0,0,0,0,0,0,0,0,0,0,0
46,125,0.238,0.225,0.12077,3.0,0.0,38,3,0.062,0,0,0,0,0,0,0,0,0,0,0
2,2,0,0.0,2.0,2.0,0.0,1,2,0.0,1,0,0,0,0,0,0,0,0,0,0
79,135,0.017,0.049,0.04382,1.0,0.0,70,2,0.0,0,0,0,0,0,0,0,0,0,0,0
146,3876,-0.154,0.354,0.36618,34.0,84.0,380,16,0.517,0,0,0,0,0,0,0,0,0,0,0
58,804,-0.305,0.307,0.48639,17.0,8.0,85,6,0.388,0,0,0,0,0,0,0,0,0,0,0
189,3383,-0.198,0.238,0.19042,22.0,16.0,427,7,0.306,0,0,0,0,0,0,0,0,0,0,0
105,384,0.423,0.198,0.07033,3.0,0.0,101,3,0.018,0,0,0,0,0,0,0,0,0,0,0
177,932,0.12,0.073,0.05984,5.0,0.0,157,3,0.008,0,0,0,0,0,0,0,0,0,0,0
210,4697,0.122,0.279,0.21404,26.0,14.0,654,6,0.197,0,0,0,0,0,0,0,0,0,0,0
80,2340,-0.256,0.538,0.74051,38.0,104.0,539,11,0.559,0,0,0,0,0,0,0,0,0,0,0
12,21,0.12,0.0,0.31818,1.0,0.0,9,2,0.0,0,0,0,0,0,0,0,0,0,0,0
6,31,-0.201,0.84,2.06667,7.0,5.0,2,5,0.767,1,0,0,0,0,0,0,0,0,0,0
27,39,0.383,0.269,0.11111,1.0,0.0,23,3,0.111,0,0,0,0,0,0,0,0,0,0,0
12,13,0.071,0.0,0.19697,1.0,0.0,11,2,0.0,0,0,0,0,0,0,0,0,0,0,0
74,1201,-0.295,0.369,0.44465,20.0,35.0,119,10,0.507,0,0,0,0,0,0,0,0,0,0,0
112,2251,-0.271,0.348,0.36213,26.0,30.0,228,10,0.435,0,0,0,0,0,0,0,0,0,0,0
62,314,0.176,0.293,0.16605,5.0,0.0,63,4,0.15,0,0,0,0,0,0,0,0,0,0,0
26,326,-0.289,0.553,1.00308,17.0,27.0,30,8,0.579,0,0,0,0,0,0,0,0,0,0,0
19,26,0.351,0.375,0.15205,1.0,0.0,16,3,0.114,0,0,0,0,0,0,0,0,0,0,0
130,889,0.202,0.156,0.10602,7.0,0.0,138,5,0.117,0,0,0,0,0,0,0,0,0,0,0
10,18,0.546,0.75,0.4,2.0,0.0,7,3,0.3,0,0,0,0,0,0,0,0,0,0,0
17,27,0.423,0.0,0.19853,1.0,0.0,14,2,0.0,0,0,0,0,0,0,0,0,0,0,0
77,575,-0.003,0.179,0.19651,8.0,1.0,76,5,0.071,0,0,0,0,0,0,0,0,0,0,0
68,120,0.2,0.026,0.05268,1.0,0.0,62,2,0.0,0,0,0,0,0,0,0,0,0,0,0
24,231,-0.266,0.5,0.83696,12.0,9.0,21,6,0.62,0,0,0,0,0,0,0,0,0,0,0
126,2075,-0.184,0.313,0.26349,20.0,18.0,200,10,0.338,0,0,0,0,0,0,0,0,0,0,0
90,196,0.183,0.121,0.04894,2.0,0.0,79,3,0.026,0,0,0,0,0,0,0,0,0,0,0
36,173,-0.216,0.233,0.2746,6.0,2.0,25,4,0.389,0,0,0,0,0,0,0,0,0,0,0
119,2602,-0.244,0.294,0.3706,27.0,22.0,328,8,0.339,0,0,0,0,0,0,0,0,0,0,0
29,376,-0.251,0.74,0.92611,20.0,58.0,32,12,0.589,0,0,0,0,0,0,0,0,0,0,0
71,270,0.56,0.472,0.10865,4.0,1.0,64,6,0.112,0,0,0,0,0,0,0,0,0,0,0
122,2343,-0.147,0.419,0.31744,25.0,52.0,416,10,0.445,0,0,0,0,0,0,0,0,0,0,0
94,1119,-0.294,0.284,0.25601,15.0,17.0,125,9,0.391,0,0,0,0,0,0,0,0,0,0,0
188,6433,-0.316,0.344,0.36597,43.0,113.0,1926,12,0.436,0,0,0,0,0,0,0,0,0,0,0
10,12,0.333,0.0,0.26667,1.0,0.0,8,2,0.0,0,0,0,0,0,0,0,0,0,0,0
77,1271,-0.253,0.302,0.43438,21.0,11.0,149,6,0.393,0,0,0,0,0,0,0,0,0,0,0
64,308,-0.311,0.136,0.15278,6.0,2.0,57,5,0.3,0,0,0,0,0,0,0,0,0,0,0
17,33,0.114,0.469,0.24265,2.0,0.0,13,3,0.196,0,0,0,0,0,0,0,0,0,0,0
210,2756,-0.207,0.192,0.12559,16.0,16.0,358,10,0.247,0,0,0,0,0,0,0,0,0,0,0
82,1292,-0.203,0.348,0.38904,20.0,23.0,142,8,0.415,0,0,0,0,0,0,0,0,0,0,0
98,651,-0.265,0.159,0.13697,8.0,3.0,87,8,0.248,0,0,0,0,0,0,0,0,0,0,0
36,73,0.04,0.077,0.11587,2.0,0.0,34,2,0.0,0,0,0,0,0,0,0,0,0,0,0
9,16,0.377,0.6,0.44444,2.0,0.0,7,3,0.333,0,0,0,0,0,0,0,0,0,0,0
148,2088,-0.239,0.261,0.19195,18.0,25.0,286,8,0.441,0,0,0,0,0,0,0,0,0,0,0
49,96,0.07,0.111,0.08163,2.0,0.0,42,3,0.044,0,0,0,0,0,0,0,0,0,0,0
204,6787,-0.183,0.351,0.32778,42.0,103.0,1957,14,0.326,0,0,0,0,0,0,0,0,0,0,0
62,98,0.02,0.03,0.05182,1.0,0.0,59,2,0.0,0,0,0,0,0,0,0,0,0,0,0
199,5432,-0.116,0.335,0.27572,34.0,87.0,1390,12,0.356,0,0,0,0,0,0,0,0,0,0,0
13,17,-0.265,0.0,0.21795,1.0,0.0,11,2,0.0,0,0,0,0,0,0,0,0,0,0,0
136,702,0.102,0.094,0.07647,5.0,0.0,121,3,0.009,0,0,0,0,0,0,0,0,0,0,0
147,1455,-0.3,0.13,0.13559,12.0,1.0,173,4,0.133,0,0,0,0,0,0,0,0,0,0,0
129,416,0.135,0.14,0.05039,3.0,0.0,120,4,0.092,0,0,0,0,0,0,0,0,0,0,0
125,2320,-0.15,0.4,0.29935,24.0,60.0,319,13,0.502,0,0,0,0,0,0,0,0,0,0,0
89,373,-0.323,0.063,0.09525,5.0,0.0,77,4,0.168,0,0,0,0,0,0,0,0,0,0,0
50,73,0.07,0.023,0.05959,1.0,0.0,48,2,0.0,0,0,0,0,0,0,0,0,0,0,0
15,45,0.148,0.344,0.42857,3.0,0.0,15,2,0.0,0,0,0,0,0,0,0,0,0,0,0
159,1153,-0.294,0.097,0.09179,8.0,2.0,167,5,0.185,0,0,0,0,0,0,0,0,0,0,0
188,2880,-0.178,0.313,0.16384,19.0,42.0,574,11,0.307,0,0,0,0,0,0,0,0,0,0,0
192,4444,-0.325,0.331,0.24236,27.0,25.0,422,10,0.29,0,0,0,0,0,0,0,0,0,0,0
22,36,0.7,0.542,0.15584,1.0,0.0,18,3,0.273,0,0,0,0,0,0,0,0,0,0,0
53,73,0.033,0.0,0.05298,1.0,0.0,52,2,0.0,0,0,0,0,0,0,0,0,0,0,0
35,695,-0.146,0.694,1.16807,30.0,97.0,147,11,0.685,0,0,0,0,0,0,0,0,0,0,0
162,3135,-0.208,0.2,0.2404,23.0,5.0,295,5,0.233,0,0,0,0,0,0,0,0,0,0,0
200,1781,-0.258,0.122,0.0895,10.0,6.0,228,8,0.236,0,0,0,0,0,0,0,0,0,0,0
183,2682,0.098,0.288,0.16105,18.0,13.0,509,6,0.303,0,0,0,0,0,0,0,0,0,0,0
96,1471,-0.178,0.288,0.32259,19.0,10.0,154,6,0.372,0,0,0,0,0,0,0,0,0,0,0
41,63,0.101,0.107,0.07683,1.0,0.0,32,2,0.0,0,0,0,0,0,0,0,0,0,0,0
62,984,-0.072,0.409,0.52036,19.0,12.0,123,6,0.321,0,0,0,0,0,0,0,0,0,0,0
215,1684,0.219,0.198,0.0732,8.0,1.0,253,6,0.092,0,0,0,0,0,0,0,0,0,0,0
114,581,-0.197,0.154,0.0902,5.0,1.0,123,5,0.182,0,0,0,0,0,0,0,0,0,0,0
150,3529,-0.109,0.422,0.31579,30.0,87.0,833,12,0.465,0,0,0,0,0,0,0,0,0,0,0
91,1077,-0.225,0.276,0.263,15.0,7.0,113,6,0.397,0,0,0,0,0,0,0,0,0,0,0
18,26,0.365,0.0,0.16993,1.0,0.0,16,2,0.0,0,0,0,0,0,0,0,0,0,0,0
