0.967594936709,1
0.936170212766,2
0.939716312057,3
0.867341772152,4
0.964539007092,5
0.908814589666,6
0.896149949341,7
0.968591691996,8
0.959979736575,9
0.912360688956,10
0.910840932118,11
0.673758865248,12
0.939716312057,13
0.959473150963,14
0.94883485309,15
0.921518987342,16
0.960992907801,17
0.960506329114,18
0.955927051672,19
0.965045592705,20
0.816616008105,21
0.960486322188,22
0.949848024316,23
0.960992907801,24
0.957953394124,25
0.918439716312,26
0.968085106383,27
0.952405063291,28
0.91134751773,29
0.975189873418,30
0.942249240122,31
0.74062816616,32
0.972137791287,33
0.85164556962,34
0.966058763931,35
0.966058763931,36
0.957953394124,37
0.938703140831,38
0.961518987342,39
0.952380952381,40
0.907848101266,41
0.909827760892,42
0.96757852077,43
0.966075949367,44
0.965063291139,45
0.97164556962,46
0.94883485309,47
0.96757852077,48
0.965552178318,49
0.949848024316,50
