0.947013487476,1
0.955684007707,2
0.917148362235,3
0.95472061657,4
0.946050096339,5
0.958614051973,6
0.968208092486,7
0.92774566474,8
0.942252165544,9
0.950867052023,10
0.919075144509,11
0.954764196343,12
0.866088631985,13
0.956647398844,14
0.869104908566,15
0.961464354528,16
0.95472061657,17
0.935452793834,18
0.933526011561,19
0.937379576108,20
0.929672447013,21
0.938342967245,22
0.938342967245,23
0.947064485082,24
0.933526011561,25
0.837186897881,26
0.958574181118,27
0.90366088632,28
0.943214629451,29
0.955684007707,30
0.897880539499,31
0.958574181118,32
0.934552454283,33
0.961464354528,34
0.843930635838,35
0.914340712223,36
0.939364773821,37
0.960500963391,38
0.95187680462,39
0.931599229287,40
0.949951876805,41
0.945086705202,42
0.861271676301,43
0.92774566474,44
0.861405197305,45
0.949903660886,46
0.959537572254,47
0.926782273603,48
0.919153031761,49
0.953757225434,50
0.920038535645,51
0.953757225434,52
0.871868978805,53
0.946050096339,54
0.945086705202,55
0.886429258903,56
0.956647398844,57
0.960538979788,58
0.964388835419,59
0.923002887392,60
0.963391136802,61
0.937379576108,62
0.937379576108,63
0.88246628131,64
0.900770712909,65
0.939306358382,66
0.942196531792,67
0.95572666025,68
0.924855491329,69
0.851780558229,70
0.94894026975,71
0.950914340712,72
0.940269749518,73
0.932562620424,74
0.963426371511,75
0.925890279115,76
0.947976878613,77
0.877649325626,78
0.930702598653,79
0.885356454721,80
0.865125240848,81
0.955684007707,82
0.947013487476,83
0.950914340712,84
0.940269749518,85
0.937379576108,86
0.922928709056,87
0.944177093359,88
0.964354527938,89
0.942196531792,90
0.956647398844,91
0.941233140655,92
0.935452793834,93
0.942252165544,94
0.933526011561,95
0.856454720617,96
0.946102021174,97
0.955684007707,98
0.921001926782,99
0.944177093359,100
0.931599229287,101
0.924855491329,102
0.95472061657,103
0.945086705202,104
0.838306063523,105
0.948026948989,106
0.925818882466,107
0.940269749518,108
0.892100192678,109
0.957610789981,110
0.948989412897,111
0.916184971098,112
0.893063583815,113
0.961464354528,114
0.751445086705,115
0.864292589028,116
0.830443159923,117
0.949903660886,118
0.919075144509,119
0.943159922929,120
0.947013487476,121
0.925818882466,122
0.934489402697,123
0.88246628131,124
0.905587668593,125
0.928709055877,126
0.939364773821,127
0.95472061657,128
0.933526011561,129
0.949903660886,130
0.914258188825,131
0.939364773821,132
0.942196531792,133
0.941233140655,134
0.52697495183,135
0.885356454721,136
0.949903660886,137
0.955684007707,138
0.917148362235,139
0.956647398844,140
0.936416184971,141
0.957610789981,142
0.71676300578,143
0.939306358382,144
0.95472061657,145
0.918111753372,146
0.870067372474,147
0.891136801541,148
0.90655105973,149
0.755298651252,150
0.819845857418,151
0.958574181118,152
0.914258188825,153
0.959537572254,154
0.864161849711,155
0.965317919075,156
0.863198458574,157
0.909441233141,158
0.899807321773,159
0.931599229287,160
0.797882579403,161
0.938402309913,162
0.950867052023,163
0.655105973025,164
0.942196531792,165
0.922040423484,166
0.947064485082,167
0.945086705202,168
0.935452793834,169
0.939306358382,170
0.916184971098,171
0.955684007707,172
0.947976878613,173
0.929672447013,174
0.869942196532,175
0.960500963391,176
0.937379576108,177
0.956647398844,178
0.842003853565,179
0.707410972089,180
0.956689124158,181
0.957610789981,182
0.934489402697,183
0.940269749518,184
0.945086705202,185
0.949903660886,186
0.94894026975,187
0.961464354528,188
0.953757225434,189
0.913294797688,190
0.923002887392,191
0.954764196343,192
0.891241578441,193
0.942196531792,194
0.946050096339,195
0.94894026975,196
0.941233140655,197
0.924855491329,198
0.929672447013,199
0.946102021174,200
