0.95746835443,1
0.957953394124,2
0.928064842958,3
0.963544303797,4
0.625126646403,5
0.938703140831,6
0.965552178318,7
0.952887537994,8
0.954407294833,9
0.963019250253,10
0.94376899696,11
0.957953394124,12
0.964032421479,13
0.963019250253,14
0.952380952381,15
0.969113924051,16
0.888551165147,17
0.965569620253,18
0.965552178318,19
0.964032421479,20
0.963019250253,21
0.959473150963,22
0.965552178318,23
0.964539007092,24
0.951874366768,25
0.966058763931,26
0.900202634245,27
0.965569620253,28
0.970618034448,29
0.956962025316,30
0.975177304965,31
0.966058763931,32
0.968591691996,33
0.900253164557,34
0.964539007092,35
0.938703140831,36
0.955927051672,37
0.975683890578,38
0.833924050633,39
0.896149949341,40
0.935696202532,41
0.968085106383,42
0.907294832827,43
0.96253164557,44
0.858227848101,45
0.93417721519,46
0.969604863222,47
0.910334346505,48
0.917426545086,49
0.968085106383,50
