0.288461538462,1
0.346153846154,2
0.307692307692,3
0.557692307692,4
0.346153846154,5
0.269230769231,6
0.346153846154,7
0.25,8
0.403846153846,9
0.634615384615,10
0.365384615385,11
0.557692307692,12
0.480769230769,13
0.307692307692,14
0.634615384615,15
0.519230769231,16
0.461538461538,17
0.634615384615,18
0.75,19
0.557692307692,20
0.403846153846,21
0.307692307692,22
0.519230769231,23
0.307692307692,24
0.423076923077,25
0.538461538462,26
0.519230769231,27
0.384615384615,28
0.403846153846,29
0.423076923077,30
0.461538461538,31
0.423076923077,32
0.673076923077,33
0.653846153846,34
0.25,35
0.692307692308,36
0.326923076923,37
0.326923076923,38
0.5,39
0.5,40
0.576923076923,41
0.538461538462,42
0.576923076923,43
0.519230769231,44
0.442307692308,45
0.480769230769,46
0.384615384615,47
0.673076923077,48
0.346153846154,49
0.25,50
0.538461538462,51
0.5,52
0.403846153846,53
0.538461538462,54
0.538461538462,55
0.288461538462,56
0.557692307692,57
0.384615384615,58
0.423076923077,59
0.5,60
0.403846153846,61
0.673076923077,62
0.307692307692,63
0.442307692308,64
0.634615384615,65
0.442307692308,66
0.326923076923,67
0.442307692308,68
0.557692307692,69
0.576923076923,70
0.211538461538,71
0.596153846154,72
0.615384615385,73
0.557692307692,74
0.25,75
0.423076923077,76
0.615384615385,77
0.403846153846,78
0.576923076923,79
0.576923076923,80
0.519230769231,81
0.557692307692,82
0.538461538462,83
0.538461538462,84
0.346153846154,85
0.346153846154,86
0.5,87
0.307692307692,88
0.519230769231,89
0.576923076923,90
0.576923076923,91
0.461538461538,92
0.442307692308,93
0.288461538462,94
0.711538461538,95
0.480769230769,96
0.576923076923,97
0.307692307692,98
0.423076923077,99
0.576923076923,100
0.519230769231,101
0.596153846154,102
0.673076923077,103
0.442307692308,104
0.365384615385,105
0.75,106
0.269230769231,107
0.538461538462,108
0.557692307692,109
0.730769230769,110
0.461538461538,111
0.480769230769,112
0.423076923077,113
0.442307692308,114
0.326923076923,115
0.480769230769,116
0.307692307692,117
0.423076923077,118
0.5,119
0.538461538462,120
0.596153846154,121
0.538461538462,122
0.538461538462,123
0.557692307692,124
0.288461538462,125
0.269230769231,126
0.557692307692,127
0.538461538462,128
0.5,129
0.403846153846,130
0.615384615385,131
0.538461538462,132
0.384615384615,133
0.557692307692,134
0.384615384615,135
0.365384615385,136
0.692307692308,137
0.288461538462,138
0.673076923077,139
0.307692307692,140
0.596153846154,141
0.442307692308,142
0.384615384615,143
0.576923076923,144
0.326923076923,145
0.615384615385,146
0.576923076923,147
0.557692307692,148
0.538461538462,149
0.538461538462,150
0.538461538462,151
0.538461538462,152
0.423076923077,153
0.269230769231,154
0.5,155
0.365384615385,156
0.5,157
0.442307692308,158
0.384615384615,159
0.673076923077,160
0.346153846154,161
0.538461538462,162
0.538461538462,163
0.653846153846,164
0.576923076923,165
0.596153846154,166
0.519230769231,167
0.557692307692,168
0.538461538462,169
0.461538461538,170
0.538461538462,171
0.596153846154,172
0.461538461538,173
0.634615384615,174
0.653846153846,175
0.673076923077,176
0.576923076923,177
0.269230769231,178
0.288461538462,179
0.673076923077,180
0.384615384615,181
0.461538461538,182
0.673076923077,183
0.288461538462,184
0.519230769231,185
0.326923076923,186
0.307692307692,187
0.307692307692,188
0.403846153846,189
0.557692307692,190
0.269230769231,191
0.403846153846,192
0.461538461538,193
0.403846153846,194
0.461538461538,195
0.5,196
0.557692307692,197
0.307692307692,198
0.5,199
0.673076923077,200
0.326923076923,201
0.365384615385,202
0.634615384615,203
0.596153846154,204
0.653846153846,205
0.826923076923,206
0.403846153846,207
0.519230769231,208
0.634615384615,209
0.596153846154,210
0.384615384615,211
0.5,212
0.673076923077,213
0.25,214
0.346153846154,215
0.576923076923,216
0.519230769231,217
0.519230769231,218
0.634615384615,219
0.538461538462,220
0.5,221
0.480769230769,222
0.557692307692,223
0.519230769231,224
0.288461538462,225
0.307692307692,226
0.538461538462,227
0.346153846154,228
0.615384615385,229
0.596153846154,230
0.442307692308,231
0.519230769231,232
0.519230769231,233
0.423076923077,234
0.653846153846,235
0.692307692308,236
0.442307692308,237
0.538461538462,238
0.288461538462,239
0.557692307692,240
0.326923076923,241
0.557692307692,242
0.596153846154,243
0.519230769231,244
0.326923076923,245
0.307692307692,246
0.423076923077,247
0.519230769231,248
0.692307692308,249
0.423076923077,250
0.653846153846,251
0.634615384615,252
0.288461538462,253
0.365384615385,254
0.576923076923,255
0.230769230769,256
0.403846153846,257
0.538461538462,258
0.730769230769,259
0.288461538462,260
0.634615384615,261
0.423076923077,262
0.403846153846,263
0.461538461538,264
0.365384615385,265
0.384615384615,266
0.557692307692,267
0.5,268
0.423076923077,269
0.346153846154,270
0.461538461538,271
0.596153846154,272
0.461538461538,273
0.634615384615,274
0.307692307692,275
0.346153846154,276
0.461538461538,277
0.365384615385,278
0.5,279
0.365384615385,280
0.288461538462,281
0.326923076923,282
0.538461538462,283
0.730769230769,284
0.480769230769,285
0.557692307692,286
0.634615384615,287
0.288461538462,288
0.442307692308,289
0.25,290
0.538461538462,291
0.384615384615,292
0.634615384615,293
0.326923076923,294
0.461538461538,295
0.461538461538,296
0.403846153846,297
0.307692307692,298
0.288461538462,299
0.461538461538,300
