0.862048549438,1
0.877514792899,2
0.843195266272,3
0.876850207223,4
0.873297809355,5
0.877442273535,6
0.879289940828,7
0.878626406157,8
0.878698224852,9
0.87981053878,10
0.879218472469,11
0.847838957963,12
0.876923076923,13
0.637869822485,14
0.85079928952,15
0.846062759029,16
0.875074008289,17
0.866193013618,18
0.874481941978,19
0.737122557726,20
0.742451154529,21
0.869230769231,22
0.891059798697,23
0.866785079929,24
0.877442273535,25
0.852575488455,26
0.835405565423,27
0.872781065089,28
0.878034339846,29
0.862640615749,30
0.860864416815,31
0.883362936649,32
0.712847838958,33
0.865600947306,34
0.88875739645,35
0.89224393132,36
0.874481941978,37
0.821788040261,38
0.869745411486,39
0.811130846655,40
0.814091178212,41
0.878034339846,42
0.875074008289,43
0.849704142012,44
0.834911242604,45
0.875074008289,46
0.857312018946,47
0.676923076923,48
0.741267021906,49
0.845470692718,50
0.880402605092,51
0.866785079929,52
0.769686204855,53
0.865008880995,54
0.873372781065,55
0.876850207223,56
0.857312018946,57
0.854351687389,58
0.827116637063,59
0.858496151569,60
0.866785079929,61
0.876258140912,62
0.862048549438,63
0.878034339846,64
0.8963883955,65
0.872113676732,66
0.88224852071,67
0.409709887507,68
0.886915334517,69
0.88395500296,70
0.285375962108,71
0.874481941978,72
0.875074008289,73
0.833037300178,74
0.872705743043,75
0.712255772647,76
0.65541740675,77
0.833629366489,78
0.879881656805,79
0.849112426036,80
0.883362936649,81
0.875074008289,82
0.869153345175,83
0.755476613381,84
0.879218472469,85
0.864416814683,86
0.767317939609,87
0.873889875666,88
0.882770870337,89
0.806986382475,90
0.86323268206,91
0.872113676732,92
0.884547069272,93
0.87981053878,94
0.853846153846,95
0.891059798697,96
0.776198934281,97
0.855621301775,98
0.866193013618,99
0.849615156898,100
0.843694493783,101
0.87152161042,102
0.877442273535,103
0.862048549438,104
0.870929544109,105
0.593842510361,106
0.869822485207,107
0.589698046181,108
0.872113676732,109
0.848431024275,110
0.853759621078,111
0.682060390764,112
0.87981053878,113
0.716992303138,114
0.824748371818,115
0.865008880995,116
0.876850207223,117
0.866863905325,118
0.872113676732,119
0.851391355832,120
0.874481941978,121
0.854351687389,122
0.853759621078,123
0.865008880995,124
0.874481941978,125
0.817159763314,126
0.622485207101,127
0.86323268206,128
0.820603907638,129
0.86323268206,130
0.876331360947,131
0.880994671403,132
0.872113676732,133
0.87100591716,134
0.872113676732,135
0.876850207223,136
0.78224852071,137
0.881656804734,138
0.814091178212,139
0.860864416815,140
0.824156305506,141
0.856127886323,142
0.8756660746,143
0.519242155121,144
0.719360568384,145
0.87152161042,146
0.876850207223,147
0.873297809355,148
0.523386619301,149
0.88395500296,150
0.687981053878,151
0.848431024275,152
0.873297809355,153
0.852575488455,154
0.660153937241,155
0.789816459443,156
0.867969212552,157
0.847838957963,158
0.862048549438,159
0.888691533452,160
0.851983422143,161
0.890467732386,162
0.876258140912,163
0.870337477798,164
0.880402605092,165
0.880402605092,166
0.86449704142,167
0.632918886915,168
0.866785079929,169
0.879218472469,170
0.846062759029,171
0.884547069272,172
0.880994671403,173
0.869153345175,174
0.766725873298,175
0.873889875666,176
0.87981053878,177
0.880994671403,178
0.880402605092,179
0.877442273535,180
0.866193013618,181
0.860272350503,182
0.557726465364,183
0.873297809355,184
0.876258140912,185
0.856719952635,186
0.863824748372,187
0.259763313609,188
0.854351687389,189
0.767317939609,190
0.878626406157,191
0.840734162226,192
0.847246891652,193
0.878034339846,194
0.873889875666,195
0.8756660746,196
0.866785079929,197
0.885731201895,198
0.887507400829,199
0.860864416815,200
