0.965552178318,1
0.966075949367,2
0.950861195542,3
0.963037974684,4
0.960486322188,5
0.974670719352,6
0.890577507599,7
0.957953394124,8
0.945288753799,9
0.949341438703,10
0.970111448835,11
0.963525835866,12
0.914893617021,13
0.959979736575,14
0.965569620253,15
0.951392405063,16
0.958459979737,17
0.963525835866,18
0.956962025316,19
0.962006079027,20
0.9726443769,21
0.959473150963,22
0.853670886076,23
0.93515704154,24
0.767477203647,25
0.962006079027,26
0.967071935157,27
0.960992907801,28
0.836372847011,29
0.88253164557,30
0.937183383992,31
0.967071935157,32
0.967071935157,33
0.966058763931,34
0.965045592705,35
0.965552178318,36
0.969604863222,37
0.954913880446,38
0.963525835866,39
0.90780141844,40
0.956962025316,41
0.915400202634,42
0.945288753799,43
0.96253164557,44
0.932117527862,45
0.951367781155,46
0.968607594937,47
0.866261398176,48
0.965045592705,49
0.918439716312,50
0.956962025316,51
0.90780141844,52
0.965569620253,53
0.962006079027,54
0.941742654509,55
0.968085106383,56
0.941236068896,57
0.856708860759,58
0.962006079027,59
0.965552178318,60
0.954913880446,61
0.965063291139,62
0.966565349544,63
0.965045592705,64
0.946301925025,65
0.970111448835,66
0.854103343465,67
0.966058763931,68
0.966058763931,69
0.957953394124,70
0.964539007092,71
0.966075949367,72
0.962006079027,73
0.874873353597,74
0.956962025316,75
0.584599797366,76
0.96757852077,77
0.96253164557,78
0.971631205674,79
0.969113924051,80
0.960486322188,81
0.967088607595,82
0.965552178318,83
0.959979736575,84
0.959979736575,85
0.962006079027,86
0.967071935157,87
0.965063291139,88
0.973150962513,89
0.967071935157,90
0.967088607595,91
0.966075949367,92
0.966058763931,93
0.933670886076,94
0.966582278481,95
0.968607594937,96
0.956433637285,97
0.970618034448,98
0.964032421479,99
0.959979736575,100
0.960992907801,101
0.964539007092,102
0.964032421479,103
0.968607594937,104
0.950861195542,105
0.864810126582,106
0.945288753799,107
0.957953394124,108
0.937689969605,109
0.966075949367,110
0.969113924051,111
0.956455696203,112
0.95896656535,113
0.913880445795,114
0.964556962025,115
0.943262411348,116
0.957446808511,117
0.96757852077,118
0.967088607595,119
0.969620253165,120
0.964539007092,121
0.96757852077,122
0.961499493414,123
0.807497467072,124
0.827254305978,125
0.85663627153,126
0.962025316456,127
0.949341438703,128
0.971124620061,129
0.963525835866,130
0.967071935157,131
0.96757852077,132
0.969604863222,133
0.957446808511,134
0.97619047619,135
0.960992907801,136
0.964032421479,137
0.967071935157,138
0.966058763931,139
0.964539007092,140
0.964539007092,141
0.948328267477,142
0.965045592705,143
0.964032421479,144
0.97619047619,145
0.96,146
0.909827760892,147
0.965569620253,148
0.960992907801,149
0.938734177215,150
0.890632911392,151
0.927558257345,152
0.428571428571,153
0.906788247214,154
0.964539007092,155
0.926038500507,156
0.963019250253,157
0.917933130699,158
0.963019250253,159
0.967071935157,160
0.966565349544,161
0.964032421479,162
0.954913880446,163
0.966058763931,164
0.966058763931,165
0.697061803445,166
0.954430379747,167
0.943797468354,168
0.90273556231,169
0.966075949367,170
0.963019250253,171
0.919452887538,172
0.949341438703,173
0.957953394124,174
0.930632911392,175
0.968085106383,176
0.966058763931,177
0.966565349544,178
0.967071935157,179
0.963019250253,180
0.927051671733,181
0.913417721519,182
0.967071935157,183
0.96757852077,184
0.964050632911,185
0.963544303797,186
0.965045592705,187
0.934143870314,188
0.969113924051,189
0.954913880446,190
0.90273556231,191
0.951874366768,192
0.966565349544,193
0.972137791287,194
0.947315096251,195
0.93515704154,196
0.964032421479,197
0.961012658228,198
0.876899696049,199
0.965552178318,200
