0.480769230769,1
0.423076923077,2
0.557692307692,3
0.461538461538,4
0.538461538462,5
0.480769230769,6
0.269230769231,7
0.519230769231,8
0.634615384615,9
0.326923076923,10
0.403846153846,11
0.423076923077,12
0.596153846154,13
0.519230769231,14
0.615384615385,15
0.519230769231,16
0.307692307692,17
0.519230769231,18
0.576923076923,19
0.480769230769,20
0.576923076923,21
0.557692307692,22
0.538461538462,23
0.480769230769,24
0.711538461538,25
0.403846153846,26
0.519230769231,27
0.346153846154,28
0.5,29
0.423076923077,30
0.692307692308,31
0.461538461538,32
0.480769230769,33
0.576923076923,34
0.365384615385,35
0.5,36
0.519230769231,37
0.557692307692,38
0.653846153846,39
0.480769230769,40
0.346153846154,41
0.557692307692,42
0.384615384615,43
0.519230769231,44
0.711538461538,45
0.480769230769,46
0.596153846154,47
0.480769230769,48
0.423076923077,49
0.557692307692,50
