0.86753136296,1
0.925350914504,2
0.929391748192,3
0.905784772437,4
0.920884729902,5
0.898128455976,6
0.927052318162,7
0.790940025521,8
0.932808845418,9
0.916843896214,10
0.933857932795,11
0.877924287537,12
0.89262173081,13
0.921097405359,14
0.931518502765,15
0.924287537218,16
0.925138239047,17
0.886431305827,18
0.911527009783,19
0.867743993196,20
0.867928541046,21
0.868566567418,22
0.872607401106,23
0.925563589962,24
0.917694598043,25
0.919625770785,26
0.923224159932,27
0.939387494683,28
0.840068056146,29
0.929832022114,30
0.918332624415,31
0.79179072735,32
0.921522756274,33
0.822415993194,34
0.934708634624,35
0.910888983411,36
0.907273500638,37
0.935133985538,38
0.918119948958,39
0.856899851159,40
0.908762228839,41
0.920034028073,42
0.886856656742,43
0.908124202467,44
0.899617184177,45
0.869842620162,46
0.867077839217,47
0.915780518928,48
0.930242450021,49
0.919821352616,50
0.899191833262,51
0.886643981285,52
0.918349989368,53
0.930242450021,54
0.916436317244,55
0.911314334326,56
0.914310014884,57
0.897937486711,58
0.927903019991,59
0.834963845172,60
0.917269247129,61
0.823692045938,62
0.907718477568,63
0.922373458103,64
0.90791152701,65
0.912803062527,66
0.908974904296,67
0.921948107188,68
0.911758452052,69
0.92726499362,70
0.919183326244,71
0.915798426536,72
0.810506167588,73
0.913034233468,74
0.922798809017,75
0.928966397278,76
0.913034233468,77
0.556997022544,78
0.907060825181,79
0.924500212675,80
0.834113143343,81
0.917924728896,82
0.858570820927,83
0.910463632497,84
0.917481922586,85
0.906848149724,86
0.904508719694,87
0.92492556359,88
0.89238621863,89
0.90557209698,90
0.920459378988,91
0.913441088898,92
0.785410463632,93
0.917924728896,94
0.918332624415,95
0.92258613356,96
0.862398979158,97
0.937260740111,98
0.915993194385,99
0.923436835389,100
