0.815867377146,1
0.85079928952,2
0.866193013618,3
0.454114860864,4
0.862048549438,5
0.875147928994,6
0.860272350503,7
0.86737714624,8
0.804618117229,9
0.878034339846,10
0.880473372781,11
0.863905325444,12
0.864416814683,13
0.869822485207,14
0.857904085258,15
0.853846153846,16
0.87981053878,17
0.863824748372,18
0.873889875666,19
0.8756660746,20
0.902958579882,21
0.821788040261,22
0.868561278863,23
0.877442273535,24
0.872113676732,25
0.886323268206,26
0.878626406157,27
0.852575488455,28
0.862640615749,29
0.859171597633,30
0.844878626406,31
0.769822485207,32
0.854351687389,33
0.869822485207,34
0.862640615749,35
0.799881586738,36
0.658377738307,37
0.843102427472,38
0.855621301775,39
0.679100059207,40
0.727218934911,41
0.785798816568,42
0.862640615749,43
0.880402605092,44
0.874481941978,45
0.862721893491,46
0.843694493783,47
0.862640615749,48
0.856719952635,49
0.864416814683,50
