0.86323268206,1
0.855621301775,2
0.876923076923,3
0.862048549438,4
0.877442273535,5
0.817051509769,6
0.863905325444,7
0.867969212552,8
0.873372781065,9
0.773238602724,10
0.87152161042,11
0.701598579041,12
0.88224852071,13
0.84674556213,14
0.880402605092,15
0.836589698046,16
0.843694493783,17
0.875074008289,18
0.87152161042,19
0.874481941978,20
0.868561278863,21
0.87573964497,22
0.891059798697,23
0.864416814683,24
0.788040260509,25
0.680284191829,26
0.8756660746,27
0.876331360947,28
0.856127886323,29
0.821788040261,30
0.880994671403,31
0.886323268206,32
0.740674955595,33
0.714031971581,34
0.77573964497,35
0.887507400829,36
0.872705743043,37
0.816459443458,38
0.859680284192,39
0.829484902309,40
0.872705743043,41
0.881586737715,42
0.864416814683,43
0.860355029586,44
0.785207100592,45
0.875074008289,46
0.880402605092,47
0.830769230769,48
0.875074008289,49
0.87152161042,50
0.884547069272,51
0.882178804026,52
0.873297809355,53
0.866193013618,54
0.852071005917,55
0.833629366489,56
0.859680284192,57
0.870337477798,58
0.860272350503,59
0.706335109532,60
0.866785079929,61
0.859680284192,62
0.878034339846,63
0.886323268206,64
0.881586737715,65
0.866785079929,66
0.868639053254,67
0.88395500296,68
0.862640615749,69
0.872705743043,70
0.869153345175,71
0.880994671403,72
0.866785079929,73
0.851391355832,74
0.8756660746,75
0.851391355832,76
0.878626406157,77
0.877442273535,78
0.867455621302,79
0.866272189349,80
0.880402605092,81
0.873889875666,82
0.870337477798,83
0.874481941978,84
0.874481941978,85
0.833629366489,86
0.832445233866,87
0.851983422143,88
0.879218472469,89
0.880402605092,90
0.880402605092,91
0.872705743043,92
0.880402605092,93
0.872113676732,94
0.549704142012,95
0.881586737715,96
0.872705743043,97
0.821301775148,98
0.87981053878,99
0.8756660746,100
0.849615156898,101
0.793960923623,102
0.879218472469,103
0.58496151569,104
0.867969212552,105
0.84665482534,106
0.869822485207,107
0.87981053878,108
0.881586737715,109
0.869745411486,110
0.639431616341,111
0.877442273535,112
0.665482534044,113
0.867969212552,114
0.8342214328,115
0.84665482534,116
0.863824748372,117
0.860946745562,118
0.857312018946,119
0.864416814683,120
0.847838957963,121
0.848431024275,122
0.878034339846,123
0.873297809355,124
0.853759621078,125
0.869230769231,126
0.869230769231,127
0.835997631735,128
0.878034339846,129
0.844878626406,130
0.871597633136,131
0.86737714624,132
0.88809946714,133
0.872781065089,134
0.869745411486,135
0.831853167555,136
0.855029585799,137
0.890532544379,138
0.86323268206,139
0.881586737715,140
0.749555950266,141
0.884547069272,142
0.85908821788,143
0.889283599763,144
0.679692125518,145
0.879218472469,146
0.439313203079,147
0.872113676732,148
0.870929544109,149
0.881586737715,150
0.87152161042,151
0.866785079929,152
0.847838957963,153
0.862640615749,154
0.862640615749,155
0.851983422143,156
0.852575488455,157
0.749555950266,158
0.811130846655,159
0.765541740675,160
0.873297809355,161
0.885139135583,162
0.857904085258,163
0.854351687389,164
0.880402605092,165
0.82593250444,166
0.861538461538,167
0.873889875666,168
0.868561278863,169
0.869745411486,170
0.793960923623,171
0.891059798697,172
0.878034339846,173
0.88809946714,174
0.838957963292,175
0.86737714624,176
0.873889875666,177
0.880994671403,178
0.864416814683,179
0.876258140912,180
0.857904085258,181
0.837773830669,182
0.818827708703,183
0.854351687389,184
0.876258140912,185
0.87152161042,186
0.880994671403,187
0.862130177515,188
0.849023090586,189
0.870929544109,190
0.873889875666,191
0.768502072232,192
0.872705743043,193
0.873889875666,194
0.8963883955,195
0.808170515098,196
0.878034339846,197
0.861456483126,198
0.882770870337,199
0.84665482534,200
