0.997455470738,1
0.997455470738,2
0.997461928934,3
0.997455470738,4
0.997461928934,5
1.0,6
0.997455470738,7
0.997455470738,8
0.997455470738,9
0.997461928934,10
1.0,11
0.997455470738,12
0.997461928934,13
0.997455470738,14
1.0,15
1.0,16
0.997455470738,17
0.997455470738,18
1.0,19
0.997455470738,20
1.0,21
1.0,22
0.997455470738,23
0.997455470738,24
1.0,25
0.997455470738,26
0.997455470738,27
0.997455470738,28
0.997455470738,29
0.997455470738,30
0.997455470738,31
0.997461928934,32
0.997455470738,33
1.0,34
0.997455470738,35
0.997455470738,36
1.0,37
0.997461928934,38
0.997455470738,39
1.0,40
0.997455470738,41
0.997455470738,42
0.997461928934,43
0.997455470738,44
1.0,45
1.0,46
1.0,47
0.997455470738,48
1.0,49
0.997455470738,50
0.997455470738,51
0.997455470738,52
0.997455470738,53
0.997455470738,54
1.0,55
0.997455470738,56
0.997455470738,57
0.997461928934,58
1.0,59
1.0,60
1.0,61
0.997461928934,62
0.997455470738,63
0.997461928934,64
1.0,65
0.997461928934,66
1.0,67
0.997455470738,68
1.0,69
0.997455470738,70
0.997455470738,71
0.997455470738,72
0.997455470738,73
0.997455470738,74
1.0,75
0.997461928934,76
0.997461928934,77
0.997455470738,78
0.997455470738,79
0.997455470738,80
1.0,81
1.0,82
0.997455470738,83
1.0,84
0.997455470738,85
0.997455470738,86
1.0,87
1.0,88
0.997455470738,89
0.997461928934,90
1.0,91
0.997455470738,92
0.997455470738,93
1.0,94
0.997455470738,95
0.997461928934,96
0.997455470738,97
1.0,98
0.997455470738,99
0.997455470738,100
0.997461928934,101
0.997455470738,102
1.0,103
0.997461928934,104
0.997455470738,105
0.997455470738,106
1.0,107
0.997461928934,108
0.997461928934,109
0.997461928934,110
0.997455470738,111
0.997455470738,112
1.0,113
0.997455470738,114
1.0,115
1.0,116
0.997455470738,117
0.997455470738,118
0.997455470738,119
1.0,120
0.997455470738,121
0.997455470738,122
1.0,123
1.0,124
0.997455470738,125
0.997455470738,126
0.997461928934,127
0.997461928934,128
0.997455470738,129
0.997455470738,130
0.997455470738,131
1.0,132
0.997455470738,133
1.0,134
1.0,135
0.997455470738,136
0.997455470738,137
1.0,138
1.0,139
0.997455470738,140
0.997455470738,141
1.0,142
0.997455470738,143
1.0,144
0.997455470738,145
0.997461928934,146
1.0,147
1.0,148
1.0,149
0.997455470738,150
1.0,151
1.0,152
0.997455470738,153
0.997455470738,154
0.997455470738,155
1.0,156
1.0,157
1.0,158
0.997461928934,159
0.997455470738,160
0.997455470738,161
0.997455470738,162
0.997455470738,163
1.0,164
1.0,165
0.997461928934,166
0.997461928934,167
1.0,168
0.997455470738,169
0.997461928934,170
0.997455470738,171
0.997455470738,172
1.0,173
0.997455470738,174
1.0,175
0.997455470738,176
0.997455470738,177
1.0,178
1.0,179
0.997461928934,180
1.0,181
1.0,182
0.997455470738,183
0.997455470738,184
1.0,185
1.0,186
0.997461928934,187
0.997455470738,188
0.997461928934,189
0.997455470738,190
0.997461928934,191
1.0,192
0.997455470738,193
1.0,194
0.997461928934,195
0.997461928934,196
0.997455470738,197
0.997455470738,198
1.0,199
0.997455470738,200
1.0,201
1.0,202
0.997455470738,203
1.0,204
1.0,205
1.0,206
0.997455470738,207
0.997455470738,208
0.997455470738,209
0.997455470738,210
1.0,211
1.0,212
0.997455470738,213
1.0,214
0.997461928934,215
0.997455470738,216
0.997455470738,217
0.997455470738,218
0.997455470738,219
1.0,220
1.0,221
1.0,222
0.997461928934,223
0.997455470738,224
0.997461928934,225
1.0,226
0.997455470738,227
0.997455470738,228
0.997455470738,229
0.997455470738,230
0.997455470738,231
0.997455470738,232
1.0,233
0.997461928934,234
0.997461928934,235
0.997461928934,236
0.997455470738,237
0.997455470738,238
0.997455470738,239
1.0,240
0.997455470738,241
1.0,242
0.997455470738,243
0.997455470738,244
0.997455470738,245
0.997455470738,246
1.0,247
0.997455470738,248
0.997455470738,249
1.0,250
0.997461928934,251
1.0,252
0.997455470738,253
0.997455470738,254
1.0,255
1.0,256
0.997455470738,257
0.997455470738,258
1.0,259
0.997455470738,260
1.0,261
0.997455470738,262
0.997455470738,263
1.0,264
0.997455470738,265
0.997461928934,266
0.997455470738,267
0.997455470738,268
0.997455470738,269
0.997461928934,270
1.0,271
0.997455470738,272
0.997455470738,273
0.997455470738,274
0.997455470738,275
0.997455470738,276
0.997455470738,277
0.997455470738,278
0.997455470738,279
0.997461928934,280
0.997455470738,281
0.997455470738,282
1.0,283
0.997455470738,284
0.997461928934,285
0.997455470738,286
0.997455470738,287
0.997455470738,288
0.997455470738,289
0.997455470738,290
0.997461928934,291
0.997455470738,292
0.997455470738,293
0.997455470738,294
0.997455470738,295
1.0,296
0.997455470738,297
1.0,298
0.997455470738,299
0.997455470738,300
