0.96251266464,1
0.96757852077,2
0.963019250253,3
0.955420466059,4
0.866329113924,5
0.89412360689,6
0.952380952381,7
0.937689969605,8
0.955927051672,9
0.965045592705,10
0.884498480243,11
0.964032421479,12
0.966565349544,13
0.958459979737,14
0.968085106383,15
0.954913880446,16
0.966565349544,17
0.961499493414,18
0.960486322188,19
0.964050632911,20
0.85663627153,21
0.951898734177,22
0.967071935157,23
0.963019250253,24
0.8515704154,25
0.941772151899,26
0.96253164557,27
0.936676798379,28
0.943262411348,29
0.965552178318,30
0.969098277609,31
0.674772036474,32
0.970618034448,33
0.96251266464,34
0.966058763931,35
0.961518987342,36
0.959473150963,37
0.964539007092,38
0.964556962025,39
0.967071935157,40
0.965045592705,41
0.942755825735,42
0.965045592705,43
0.968085106383,44
0.954430379747,45
0.970111448835,46
0.96251266464,47
0.966565349544,48
0.965552178318,49
0.96251266464,50
0.964539007092,51
0.960506329114,52
0.950861195542,53
0.939209726444,54
0.943291139241,55
0.866767983789,56
0.968085106383,57
0.961518987342,58
0.942249240122,59
0.94022289767,60
0.861195542047,61
0.880445795339,62
0.962006079027,63
0.85663627153,64
0.958459979737,65
0.962006079027,66
0.966058763931,67
0.955927051672,68
0.952405063291,69
0.903748733536,70
0.964556962025,71
0.950861195542,72
0.960486322188,73
0.97417721519,74
0.891590678825,75
0.966058763931,76
0.965552178318,77
0.765957446809,78
0.957953394124,79
0.953394123607,80
0.965045592705,81
0.969098277609,82
0.965552178318,83
0.951874366768,84
0.962006079027,85
0.970618034448,86
0.966075949367,87
0.964032421479,88
0.952380952381,89
0.930597771023,90
0.913373860182,91
0.963544303797,92
0.970618034448,93
0.931139240506,94
0.960992907801,95
0.964539007092,96
0.959473150963,97
0.96757852077,98
0.964050632911,99
0.873860182371,100
