0.961499493414,1
0.913417721519,2
0.965045592705,3
0.889113924051,4
0.961499493414,5
0.942755825735,6
0.963525835866,7
0.960992907801,8
0.963525835866,9
0.960992907801,10
0.964032421479,11
0.912360688956,12
0.859169199595,13
0.964032421479,14
0.96,15
0.968101265823,16
0.966058763931,17
0.881965552178,18
0.956962025316,19
0.960992907801,20
0.968085106383,21
0.975683890578,22
0.961012658228,23
0.965045592705,24
0.901722391084,25
0.956940222898,26
0.967071935157,27
0.964539007092,28
0.968085106383,29
0.947341772152,30
0.899189463019,31
0.951874366768,32
0.968591691996,33
0.965552178318,34
0.961499493414,35
0.965552178318,36
0.915400202634,37
0.960992907801,38
0.964539007092,39
0.968085106383,40
0.957974683544,41
0.965045592705,42
0.96757852077,43
0.961012658228,44
0.961499493414,45
0.938196555218,46
0.968607594937,47
0.966565349544,48
0.96251266464,49
0.857649442756,50
0.894683544304,51
0.977203647416,52
0.839493670886,53
0.963019250253,54
0.967071935157,55
0.95896656535,56
0.904761904762,57
0.966582278481,58
0.959473150963,59
0.961499493414,60
0.884498480243,61
0.965569620253,62
0.854609929078,63
0.962006079027,64
0.96251266464,65
0.968591691996,66
0.967071935157,67
0.890070921986,68
0.967071935157,69
0.966565349544,70
0.963019250253,71
0.962025316456,72
0.860688956434,73
0.964032421479,74
0.967088607595,75
0.965045592705,76
0.969604863222,77
0.97164556962,78
0.96757852077,79
0.961012658228,80
0.959473150963,81
0.927594936709,82
0.949341438703,83
0.959473150963,84
0.969604863222,85
0.957953394124,86
0.965045592705,87
0.973164556962,88
0.970111448835,89
0.922492401216,90
0.965063291139,91
0.961518987342,92
0.957953394124,93
0.966582278481,94
0.961012658228,95
0.967594936709,96
0.969098277609,97
0.976697061803,98
0.958459979737,99
0.899189463019,100
0.959979736575,101
0.963019250253,102
0.858662613982,103
0.889620253165,104
0.947315096251,105
0.967594936709,106
0.96757852077,107
0.96251266464,108
0.971124620061,109
0.976708860759,110
0.969113924051,111
0.964050632911,112
0.953394123607,113
0.957446808511,114
0.966075949367,115
0.95896656535,116
0.967071935157,117
0.969098277609,118
0.97417721519,119
0.849620253165,120
0.974164133739,121
0.965552178318,122
0.941742654509,123
0.965552178318,124
0.964539007092,125
0.864235055724,126
0.956962025316,127
0.962006079027,128
0.964032421479,129
0.959473150963,130
0.941742654509,131
0.964032421479,132
0.911854103343,133
0.804457953394,134
0.946808510638,135
0.957446808511,136
0.908308004053,137
0.972137791287,138
0.948328267477,139
0.954407294833,140
0.885005065856,141
0.965045592705,142
0.96251266464,143
0.903242147923,144
0.9726443769,145
0.929620253165,146
0.966058763931,147
0.96253164557,148
0.964539007092,149
0.94582278481,150
0.901772151899,151
0.966058763931,152
0.961499493414,153
0.87031408308,154
0.965045592705,155
0.966565349544,156
0.91641337386,157
0.968591691996,158
0.964032421479,159
0.968085106383,160
0.974670719352,161
0.910334346505,162
0.965552178318,163
0.953394123607,164
0.964032421479,165
0.971631205674,166
0.965063291139,167
0.959493670886,168
0.955420466059,169
0.872911392405,170
0.927051671733,171
0.92654508612,172
0.807497467072,173
0.947315096251,174
0.967088607595,175
0.88399189463,176
0.965045592705,177
0.966565349544,178
0.920466058764,179
0.94883485309,180
0.752786220871,181
0.943291139241,182
0.955420466059,183
0.966565349544,184
0.965063291139,185
0.968607594937,186
0.919452887538,187
0.958459979737,188
0.96,189
0.959979736575,190
0.970111448835,191
0.951367781155,192
0.950861195542,193
0.937183383992,194
0.963019250253,195
0.919452887538,196
0.900202634245,197
0.969113924051,198
0.963525835866,199
0.945795339412,200
