0.960992907801,1
0.967594936709,2
0.96,3
0.923037974684,4
0.965045592705,5
0.968085106383,6
0.964032421479,7
0.929078014184,8
0.90780141844,9
0.96251266464,10
0.97164556962,11
0.899189463019,12
0.787740628166,13
0.96757852077,14
0.96757852077,15
0.945288753799,16
0.908814589666,17
0.951367781155,18
0.960992907801,19
0.960486322188,20
0.969113924051,21
0.965552178318,22
0.960486322188,23
0.964032421479,24
0.963525835866,25
0.967071935157,26
0.965552178318,27
0.963525835866,28
0.817122593718,29
0.947315096251,30
0.97619047619,31
0.952380952381,32
0.958459979737,33
0.969098277609,34
0.965045592705,35
0.824721377913,36
0.96757852077,37
0.960992907801,38
0.964539007092,39
0.964032421479,40
0.963019250253,41
0.954913880446,42
0.798378926039,43
0.957446808511,44
0.816616008105,45
0.953394123607,46
0.968591691996,47
0.903242147923,48
0.966582278481,49
0.975177304965,50
0.970111448835,51
0.944782168186,52
0.952911392405,53
0.964539007092,54
0.96251266464,55
0.966565349544,56
0.961499493414,57
0.974164133739,58
0.951874366768,59
0.956962025316,60
0.901265822785,61
0.961499493414,62
0.960992907801,63
0.961499493414,64
0.962006079027,65
0.966058763931,66
0.967071935157,67
0.898682877406,68
0.966058763931,69
0.919452887538,70
0.901772151899,71
0.971139240506,72
0.964032421479,73
0.932117527862,74
0.547341772152,75
0.969620253165,76
0.885005065856,77
0.966565349544,78
0.956940222898,79
0.966058763931,80
0.969098277609,81
0.916962025316,82
0.963019250253,83
0.960992907801,84
0.96251266464,85
0.957446808511,86
0.933130699088,87
0.90780141844,88
0.964539007092,89
0.966582278481,90
0.949341438703,91
0.965569620253,92
0.960486322188,93
0.929584599797,94
0.959473150963,95
0.969604863222,96
0.961499493414,97
0.915443037975,98
0.955420466059,99
0.48125633232,100
0.964539007092,101
0.926038500507,102
0.926582278481,103
0.963525835866,104
0.965552178318,105
0.827254305978,106
0.927051671733,107
0.908814589666,108
0.968591691996,109
0.969098277609,110
0.967071935157,111
0.967594936709,112
0.971139240506,113
0.87031408308,114
0.964032421479,115
0.959473150963,116
0.961499493414,117
0.906835443038,118
0.921012658228,119
0.973657548126,120
0.963019250253,121
0.963525835866,122
0.96251266464,123
0.957953394124,124
0.961499493414,125
0.843465045593,126
0.965045592705,127
0.966058763931,128
0.963544303797,129
0.96757852077,130
0.960506329114,131
0.922998986829,132
0.904255319149,133
0.857649442756,134
0.956940222898,135
0.95896656535,136
0.968591691996,137
0.968085106383,138
0.965552178318,139
0.967071935157,140
0.956940222898,141
0.942249240122,142
0.909827760892,143
0.937721518987,144
0.961499493414,145
0.970632911392,146
0.967071935157,147
0.965045592705,148
0.964539007092,149
0.95896656535,150
0.963019250253,151
0.95390070922,152
0.933637284701,153
0.961518987342,154
0.957953394124,155
0.94883485309,156
0.789766970618,157
0.874366767984,158
0.967071935157,159
0.957446808511,160
0.93515704154,161
0.939716312057,162
0.927558257345,163
0.954407294833,164
0.968085106383,165
0.966565349544,166
0.955927051672,167
0.953417721519,168
0.962006079027,169
0.884498480243,170
0.936170212766,171
0.932624113475,172
0.972137791287,173
0.961499493414,174
0.96757852077,175
0.93009118541,176
0.940729483283,177
0.957446808511,178
0.702634245187,179
0.966565349544,180
0.960992907801,181
0.963544303797,182
0.963525835866,183
0.968591691996,184
0.963019250253,185
0.963019250253,186
0.959493670886,187
0.956433637285,188
0.965045592705,189
0.970111448835,190
0.805977710233,191
0.963019250253,192
0.881458966565,193
0.967071935157,194
0.954913880446,195
0.963019250253,196
0.908308004053,197
0.879432624113,198
0.881965552178,199
0.727456940223,200
0.96253164557,201
0.970111448835,202
0.959979736575,203
0.922025316456,204
0.925063291139,205
0.964032421479,206
0.963525835866,207
0.871392405063,208
0.966058763931,209
0.968085106383,210
0.965045592705,211
0.965063291139,212
0.947848101266,213
0.956433637285,214
0.964032421479,215
0.965552178318,216
0.96,217
0.968085106383,218
0.938734177215,219
0.967088607595,220
0.971631205674,221
0.960992907801,222
0.963019250253,223
0.964539007092,224
0.968085106383,225
0.963525835866,226
0.974683544304,227
0.965552178318,228
0.964539007092,229
0.974670719352,230
0.180344478217,231
0.963019250253,232
0.963019250253,233
0.964539007092,234
0.905268490375,235
0.869367088608,236
0.960992907801,237
0.963019250253,238
0.932624113475,239
0.953924050633,240
0.96757852077,241
0.964556962025,242
0.950354609929,243
0.965045592705,244
0.931104356636,245
0.964539007092,246
0.963019250253,247
0.938196555218,248
0.964050632911,249
0.901722391084,250
0.908308004053,251
0.964032421479,252
0.910840932118,253
0.970618034448,254
0.959473150963,255
0.874873353597,256
0.965552178318,257
0.755443037975,258
0.970111448835,259
0.965045592705,260
0.964032421479,261
0.97164556962,262
0.939716312057,263
0.963019250253,264
0.950379746835,265
0.969604863222,266
0.95390070922,267
0.973164556962,268
0.965569620253,269
0.845491388045,270
0.780648429585,271
0.963544303797,272
0.964539007092,273
0.967071935157,274
0.965552178318,275
0.94022289767,276
0.961499493414,277
0.960486322188,278
0.871327254306,279
0.774062816616,280
0.877974683544,281
0.960486322188,282
0.963019250253,283
0.965045592705,284
0.965552178318,285
0.899696048632,286
0.964032421479,287
0.96757852077,288
0.960992907801,289
0.853670886076,290
0.959979736575,291
0.964539007092,292
0.951874366768,293
0.968085106383,294
0.715443037975,295
0.962006079027,296
0.955420466059,297
0.863797468354,298
0.901722391084,299
0.942278481013,300
