0.859680284192,1
0.875147928994,2
0.840236686391,3
0.782119597395,4
0.878034339846,5
0.87981053878,6
0.803550295858,7
0.875074008289,8
0.810059171598,9
0.870337477798,10
0.870337477798,11
0.889875666075,12
0.881065088757,13
0.879881656805,14
0.855535820012,15
0.878626406157,16
0.846062759029,17
0.876850207223,18
0.862048549438,19
0.867969212552,20
0.879218472469,21
0.872189349112,22
0.882770870337,23
0.876850207223,24
0.877442273535,25
0.865600947306,26
0.85908821788,27
0.86449704142,28
0.87981053878,29
0.880994671403,30
0.874481941978,31
0.870337477798,32
0.837181764358,33
0.773830669035,34
0.771597633136,35
0.886323268206,36
0.728833629366,37
0.8756660746,38
0.866193013618,39
0.83007696862,40
0.878626406157,41
0.864416814683,42
0.88809946714,43
0.866863905325,44
0.870414201183,45
0.869153345175,46
0.853167554766,47
0.847337278107,48
0.862640615749,49
0.882770870337,50
0.850207223209,51
0.881586737715,52
0.882178804026,53
0.837181764358,54
0.857396449704,55
0.870337477798,56
0.869745411486,57
0.879218472469,58
0.8342214328,59
0.877442273535,60
0.370633510953,61
0.861456483126,62
0.865600947306,63
0.876850207223,64
0.885139135583,65
0.895796329189,66
0.880473372781,67
0.884547069272,68
0.856719952635,69
0.387211367673,70
0.85908821788,71
0.878626406157,72
0.873297809355,73
0.664298401421,74
0.867969212552,75
0.87981053878,76
0.872113676732,77
0.867969212552,78
0.862130177515,79
0.847928994083,80
0.880994671403,81
0.885731201895,82
0.873889875666,83
0.670219064535,84
0.862640615749,85
0.870337477798,86
0.876258140912,87
0.875074008289,88
0.866785079929,89
0.869153345175,90
0.566015393724,91
0.866193013618,92
0.878626406157,93
0.826524570752,94
0.879881656805,95
0.346950858496,96
0.877442273535,97
0.882840236686,98
0.878034339846,99
0.86737714624,100
0.857904085258,101
0.731201894612,102
0.880994671403,103
0.65956187093,104
0.681468324452,105
0.851391355832,106
0.865088757396,107
0.865600947306,108
0.88395500296,109
0.840734162226,110
0.867969212552,111
0.863824748372,112
0.815867377146,113
0.879218472469,114
0.87152161042,115
0.868561278863,116
0.8756660746,117
0.853846153846,118
0.725873297809,119
0.875074008289,120
0.879218472469,121
0.869745411486,122
0.608644168147,123
0.875074008289,124
0.8756660746,125
0.86449704142,126
0.870414201183,127
0.864416814683,128
0.874481941978,129
0.869745411486,130
0.872189349112,131
0.849615156898,132
0.882178804026,133
0.849112426036,134
0.860864416815,135
0.856127886323,136
0.880473372781,137
0.883431952663,138
0.817643576081,139
0.782711663706,140
0.85908821788,141
0.877442273535,142
0.58496151569,143
0.870929544109,144
0.87152161042,145
0.874481941978,146
0.838957963292,147
0.867969212552,148
0.882770870337,149
0.882178804026,150
0.87981053878,151
0.856127886323,152
0.84251036116,153
0.827116637063,154
0.884547069272,155
0.856127886323,156
0.879218472469,157
0.623445825933,158
0.877442273535,159
0.878626406157,160
0.864416814683,161
0.885139135583,162
0.577264653641,163
0.83836589698,164
0.857904085258,165
0.641207815275,166
0.858579881657,167
0.890467732386,168
0.858496151569,169
0.883362936649,170
0.862048549438,171
0.880994671403,172
0.869153345175,173
0.893428063943,174
0.87152161042,175
0.863824748372,176
0.750740082889,177
0.893428063943,178
0.823564239195,179
0.721136767318,180
0.854351687389,181
0.868561278863,182
0.875074008289,183
0.855535820012,184
0.732386027235,185
0.849615156898,186
0.883362936649,187
0.826035502959,188
0.879218472469,189
0.866785079929,190
0.881586737715,191
0.857312018946,192
0.865600947306,193
0.87152161042,194
0.873297809355,195
0.876258140912,196
0.792776791001,197
0.703374777975,198
0.872705743043,199
0.87152161042,200
