0.909528392685,1
0.933526011561,2
0.970134874759,3
0.868015414258,4
0.918111753372,5
0.953757225434,6
0.943159922929,7
0.952793834297,8
0.965317919075,9
0.944123314066,10
0.928709055877,11
0.943214629451,12
0.950914340712,13
0.953757225434,14
0.912331406551,15
0.943159922929,16
0.818882466281,17
0.920038535645,18
0.940269749518,19
0.949951876805,20
0.902697495183,21
0.950867052023,22
0.95187680462,23
0.919153031761,24
0.584778420039,25
0.953757225434,26
0.934489402697,27
0.95472061657,28
0.90760346487,29
0.943159922929,30
0.962427745665,31
0.948989412897,32
0.953757225434,33
0.953801732435,34
0.955684007707,35
0.923892100193,36
0.943159922929,37
0.499036608863,38
0.837186897881,39
0.937379576108,40
0.957610789981,41
0.965351299326,42
0.956647398844,43
0.944177093359,44
0.862235067437,45
0.931599229287,46
0.931599229287,47
0.460500963391,48
0.892100192678,49
0.896917148362,50
0.958574181118,51
0.939306358382,52
0.861271676301,53
0.950867052023,54
0.937379576108,55
0.968238691049,56
0.942252165544,57
0.966281310212,58
0.940327237729,59
0.953801732435,60
0.933526011561,61
0.961464354528,62
0.952793834297,63
0.94894026975,64
0.958614051973,65
0.93063583815,66
0.942252165544,67
0.853564547206,68
0.90655105973,69
0.909441233141,70
0.947013487476,71
0.931599229287,72
0.92781520693,73
0.914258188825,74
0.914258188825,75
0.95472061657,76
0.95183044316,77
0.95187680462,78
0.950867052023,79
0.937379576108,80
0.896917148362,81
0.937379576108,82
0.897880539499,83
0.94894026975,84
0.78729547642,85
0.961464354528,86
0.935452793834,87
0.95472061657,88
0.806358381503,89
0.909441233141,90
0.942196531792,91
0.859344894027,92
0.884393063584,93
0.772858517806,94
0.938342967245,95
0.817919075145,96
0.920038535645,97
0.926782273603,98
0.918111753372,99
0.938402309913,100
