0.509467455621,1
0.874481941978,2
0.681468324452,3
0.870929544109,4
0.8756660746,5
0.856719952635,6
0.885731201895,7
0.872189349112,8
0.877442273535,9
0.643576080521,10
0.877442273535,11
0.866863905325,12
0.896980461812,13
0.719952634695,14
0.866193013618,15
0.851391355832,16
0.879218472469,17
0.863824748372,18
0.873297809355,19
0.873372781065,20
0.8756660746,21
0.85908821788,22
0.839550029603,23
0.694493783304,24
0.87100591716,25
0.876331360947,26
0.851391355832,27
0.880402605092,28
0.654825340438,29
0.864416814683,30
0.865600947306,31
0.875074008289,32
0.852575488455,33
0.87981053878,34
0.592066311427,35
0.873889875666,36
0.844286560095,37
0.858496151569,38
0.877442273535,39
0.873889875666,40
0.878626406157,41
0.833037300178,42
0.181764357608,43
0.669626998224,44
0.651865008881,45
0.875074008289,46
0.870337477798,47
0.797513321492,48
0.852575488455,49
0.88809946714,50
0.874556213018,51
0.855535820012,52
0.880402605092,53
0.866272189349,54
0.872113676732,55
0.864416814683,56
0.65956187093,57
0.876850207223,58
0.852575488455,59
0.84251036116,60
0.507692307692,61
0.880994671403,62
0.876850207223,63
0.837278106509,64
0.87981053878,65
0.870929544109,66
0.841918294849,67
0.882770870337,68
0.878106508876,69
0.86737714624,70
0.8756660746,71
0.873889875666,72
0.855535820012,73
0.844878626406,74
0.85908821788,75
0.82899408284,76
0.862640615749,77
0.833629366489,78
0.877514792899,79
0.875074008289,80
0.874481941978,81
0.84674556213,82
0.878034339846,83
0.890467732386,84
0.864416814683,85
0.849112426036,86
0.879218472469,87
0.88809946714,88
0.838957963292,89
0.859171597633,90
0.873889875666,91
0.879218472469,92
0.852575488455,93
0.661930136175,94
0.878034339846,95
0.880402605092,96
0.877442273535,97
0.872113676732,98
0.879218472469,99
0.860864416815,100
