0.0138231522401,1
0.0138231522401,2
0.0138231522401,3
0.0138231522401,4
0.0137423572725,5
0.0138316601628,6
0.0136317714613,7
0.0134616283822,8
0.013372319161,9
0.0131043562247,10
0.0131341416418,11
0.0128321461102,12
0.0126662791509,13
0.0127385725267,14
0.0126747626541,15
0.0126705163804,16
0.0126492578789,17
0.0122622165838,18
0.0122281776576,19
0.0121218480688,20
0.0119602165301,21
0.0119559494546,22
0.0116284663318,23
0.0112881892179,24
0.0111138071005,25
0.0109564444462,26
0.010790558494,27
0.0106927332102,28
0.0104247874579,29
0.0102206262544,30
0.00997819070391,31
0.0100079706945,32
0.00981230022955,33
0.00967196065608,34
0.00962089955342,35
0.00942951244366,36
0.00938272022537,37
0.00919557124953,38
0.00917431274806,39
0.00892336837044,40
0.0088893484371,41
0.00857884950491,42
0.00860863673087,43
0.00841722791492,44
0.00834917086418,45
0.00827261403054,46
0.0082130793733,47
0.00807697793376,48
0.00807272985116,49
0.00799191046413,50
