165,102,-0.4841086,0.11166,0.0320326,1.0,2.0,109,4,0.2410186,1,5.0,7.0,0.0206329,0.0320326,4.0,0.0225519,67.9068184,0.0098039,0.3382749,2
2452,2114,-0.5423808,0.00102,0.0010979,1.0,0.0,2182,4,0.1055355,1,6.0,8.0,0.0008499,0.0010979,4.0,0.0037584,1.13251121246e+12,0,0.3659748,2
1416,1086,-0.3684437,0.01184,0.0024034,1.0,0.0,1153,6,0.14916,1,6.0,9.0,0.0029388,0.0024034,5.0,0.0083218,64241.644053,0,0.2443083,2
466,314,-0.5751629,0.03543,0.0094829,1.0,1.0,350,4,0.246596,1,8.0,11.0,0.0107846,0.0094829,6.0,0.0144059,905.0792093,0.0031847,0.2414543,2
2920,2067,-0.4939122,0.00672,0.0013675,1.0,0.0,2464,5,0.1388278,1,7.0,10.0,0.0015058,0.0013675,5.0,0.0023654,1389046.41469,0,0.2482141,2
1425,1202,-0.5304042,0.00459,0.0019742,1.0,0.0,1252,4,0.1041152,1,6.0,8.0,0.0025656,0.0019742,5.0,0.0008582,90344.6038735,0,0.2495779,2
624,550,-0.6910587,0.00638,0.0041331,1.0,0.0,566,4,0.0732328,1,5.0,6.0,0.0048477,0.0041331,4.0,0.0011075,630.3586563,0,0.2751769,2
370,345,-0.6410233,0.00295,0.0062353,1.0,0.0,341,4,0.0543196,1,4.0,6.0,0.0057943,0.0062353,3.0,0.0009598,6598.3096356,0,0.3401514,2
115,102,-0.6227768,0.0148,0.0223258,1.0,0.0,99,3,0.1218078,1,4.0,5.0,0.0181829,0.0223258,3.0,0.0136651,46.311502,0,0.3635146,2
542,506,-0.5792106,0.00128,0.0042422,1.0,0.0,519,3,0.0269831,1,5.0,6.0,0.0042815,0.0042422,4.0,0.0031697,58252.6146345,0,0.3229687,2
165,102,-0.4841086,0.11166,0.0320326,1.0,2.0,109,4,0.2410186,1,5.0,7.0,0.0206329,0.0320326,4.0,0.0225519,67.9068184,0.0098039,0.3382749,2
2452,2114,-0.5423808,0.00102,0.0010979,1.0,0.0,2182,4,0.1055355,1,6.0,8.0,0.0008499,0.0010979,4.0,0.0037584,1.13251121246e+12,0,0.3659748,2
1416,1086,-0.3684437,0.01184,0.0024034,1.0,0.0,1153,6,0.14916,1,6.0,9.0,0.0029388,0.0024034,5.0,0.0083218,64241.644053,0,0.2443083,2
466,314,-0.5751629,0.03543,0.0094829,1.0,1.0,350,4,0.246596,1,8.0,11.0,0.0107846,0.0094829,6.0,0.0144059,905.0792093,0.0031847,0.2414543,2
2920,2067,-0.4939122,0.00672,0.0013675,1.0,0.0,2464,5,0.1388278,1,7.0,10.0,0.0015058,0.0013675,5.0,0.0023654,1389046.41469,0,0.2482141,2
1425,1202,-0.5304042,0.00459,0.0019742,1.0,0.0,1252,4,0.1041152,1,6.0,8.0,0.0025656,0.0019742,5.0,0.0008582,90344.6038735,0,0.2495779,2
624,550,-0.6910587,0.00638,0.0041331,1.0,0.0,566,4,0.0732328,1,5.0,6.0,0.0048477,0.0041331,4.0,0.0011075,630.3586563,0,0.2751769,2
370,345,-0.6410233,0.00295,0.0062353,1.0,0.0,341,4,0.0543196,1,4.0,6.0,0.0057943,0.0062353,3.0,0.0009598,6598.3096356,0,0.3401514,2
115,102,-0.6227768,0.0148,0.0223258,1.0,0.0,99,3,0.1218078,1,4.0,5.0,0.0181829,0.0223258,3.0,0.0136651,46.311502,0,0.3635146,2
542,506,-0.5792106,0.00128,0.0042422,1.0,0.0,519,3,0.0269831,1,5.0,6.0,0.0042815,0.0042422,4.0,0.0031697,58252.6146345,0,0.3229687,2
165,102,-0.4841086,0.11166,0.0320326,1.0,2.0,109,4,0.2410186,1,5.0,7.0,0.0206329,0.0320326,4.0,0.0225519,67.9068184,0.0098039,0.3382749,2
2452,2114,-0.5423808,0.00102,0.0010979,1.0,0.0,2182,4,0.1055355,1,6.0,8.0,0.0008499,0.0010979,4.0,0.0037584,1.13251121246e+12,0,0.3659748,2
1416,1086,-0.3684437,0.01184,0.0024034,1.0,0.0,1153,6,0.14916,1,6.0,9.0,0.0029388,0.0024034,5.0,0.0083218,64241.644053,0,0.2443083,2
466,314,-0.5751629,0.03543,0.0094829,1.0,1.0,350,4,0.246596,1,8.0,11.0,0.0107846,0.0094829,6.0,0.0144059,905.0792093,0.0031847,0.2414543,2
2920,2067,-0.4939122,0.00672,0.0013675,1.0,0.0,2464,5,0.1388278,1,7.0,10.0,0.0015058,0.0013675,5.0,0.0023654,1389046.41469,0,0.2482141,2
1425,1202,-0.5304042,0.00459,0.0019742,1.0,0.0,1252,4,0.1041152,1,6.0,8.0,0.0025656,0.0019742,5.0,0.0008582,90344.6038735,0,0.2495779,2
624,550,-0.6910587,0.00638,0.0041331,1.0,0.0,566,4,0.0732328,1,5.0,6.0,0.0048477,0.0041331,4.0,0.0011075,630.3586563,0,0.2751769,2
370,345,-0.6410233,0.00295,0.0062353,1.0,0.0,341,4,0.0543196,1,4.0,6.0,0.0057943,0.0062353,3.0,0.0009598,6598.3096356,0,0.3401514,2
115,102,-0.6227768,0.0148,0.0223258,1.0,0.0,99,3,0.1218078,1,4.0,5.0,0.0181829,0.0223258,3.0,0.0136651,46.311502,0,0.3635146,2
542,506,-0.5792106,0.00128,0.0042422,1.0,0.0,519,3,0.0269831,1,5.0,6.0,0.0042815,0.0042422,4.0,0.0031697,58252.6146345,0,0.3229687,2
165,102,-0.4841086,0.11166,0.0320326,1.0,2.0,109,4,0.2410186,1,5.0,7.0,0.0206329,0.0320326,4.0,0.0225519,67.9068184,0.0098039,0.3382749,2
2452,2114,-0.5423808,0.00102,0.0010979,1.0,0.0,2182,4,0.1055355,1,6.0,8.0,0.0008499,0.0010979,4.0,0.0037584,1.13251121246e+12,0,0.3659748,2
1416,1086,-0.3684437,0.01184,0.0024034,1.0,0.0,1153,6,0.14916,1,6.0,9.0,0.0029388,0.0024034,5.0,0.0083218,64241.644053,0,0.2443083,2
466,314,-0.5751629,0.03543,0.0094829,1.0,1.0,350,4,0.246596,1,8.0,11.0,0.0107846,0.0094829,6.0,0.0144059,905.0792093,0.0031847,0.2414543,2
2920,2067,-0.4939122,0.00672,0.0013675,1.0,0.0,2464,5,0.1388278,1,7.0,10.0,0.0015058,0.0013675,5.0,0.0023654,1389046.41469,0,0.2482141,2
1425,1202,-0.5304042,0.00459,0.0019742,1.0,0.0,1252,4,0.1041152,1,6.0,8.0,0.0025656,0.0019742,5.0,0.0008582,90344.6038735,0,0.2495779,2
624,550,-0.6910587,0.00638,0.0041331,1.0,0.0,566,4,0.0732328,1,5.0,6.0,0.0048477,0.0041331,4.0,0.0011075,630.3586563,0,0.2751769,2
370,345,-0.6410233,0.00295,0.0062353,1.0,0.0,341,4,0.0543196,1,4.0,6.0,0.0057943,0.0062353,3.0,0.0009598,6598.3096356,0,0.3401514,2
115,102,-0.6227768,0.0148,0.0223258,1.0,0.0,99,3,0.1218078,1,4.0,5.0,0.0181829,0.0223258,3.0,0.0136651,46.311502,0,0.3635146,2
542,506,-0.5792106,0.00128,0.0042422,1.0,0.0,519,3,0.0269831,1,5.0,6.0,0.0042815,0.0042422,4.0,0.0031697,58252.6146345,0,0.3229687,2
165,102,-0.4841086,0.11166,0.0320326,1.0,2.0,109,4,0.2410186,1,5.0,7.0,0.0206329,0.0320326,4.0,0.0225519,67.9068184,0.0098039,0.3382749,2
2452,2114,-0.5423808,0.00102,0.0010979,1.0,0.0,2182,4,0.1055355,1,6.0,8.0,0.0008499,0.0010979,4.0,0.0037584,1.13251121246e+12,0,0.3659748,2
1416,1086,-0.3684437,0.01184,0.0024034,1.0,0.0,1153,6,0.14916,1,6.0,9.0,0.0029388,0.0024034,5.0,0.0083218,64241.644053,0,0.2443083,2
466,314,-0.5751629,0.03543,0.0094829,1.0,1.0,350,4,0.246596,1,8.0,11.0,0.0107846,0.0094829,6.0,0.0144059,905.0792093,0.0031847,0.2414543,2
2920,2067,-0.4939122,0.00672,0.0013675,1.0,0.0,2464,5,0.1388278,1,7.0,10.0,0.0015058,0.0013675,5.0,0.0023654,1389046.41469,0,0.2482141,2
1425,1202,-0.5304042,0.00459,0.0019742,1.0,0.0,1252,4,0.1041152,1,6.0,8.0,0.0025656,0.0019742,5.0,0.0008582,90344.6038735,0,0.2495779,2
624,550,-0.6910587,0.00638,0.0041331,1.0,0.0,566,4,0.0732328,1,5.0,6.0,0.0048477,0.0041331,4.0,0.0011075,630.3586563,0,0.2751769,2
370,345,-0.6410233,0.00295,0.0062353,1.0,0.0,341,4,0.0543196,1,4.0,6.0,0.0057943,0.0062353,3.0,0.0009598,6598.3096356,0,0.3401514,2
115,102,-0.6227768,0.0148,0.0223258,1.0,0.0,99,3,0.1218078,1,4.0,5.0,0.0181829,0.0223258,3.0,0.0136651,46.311502,0,0.3635146,2
542,506,-0.5792106,0.00128,0.0042422,1.0,0.0,519,3,0.0269831,1,5.0,6.0,0.0042815,0.0042422,4.0,0.0031697,58252.6146345,0,0.3229687,2
165,102,-0.4841086,0.11166,0.0320326,1.0,2.0,109,4,0.2410186,1,5.0,7.0,0.0206329,0.0320326,4.0,0.0225519,67.9068184,0.0098039,0.3382749,2
2452,2114,-0.5423808,0.00102,0.0010979,1.0,0.0,2182,4,0.1055355,1,6.0,8.0,0.0008499,0.0010979,4.0,0.0037584,1.13251121246e+12,0,0.3659748,2
1416,1086,-0.3684437,0.01184,0.0024034,1.0,0.0,1153,6,0.14916,1,6.0,9.0,0.0029388,0.0024034,5.0,0.0083218,64241.644053,0,0.2443083,2
466,314,-0.5751629,0.03543,0.0094829,1.0,1.0,350,4,0.246596,1,8.0,11.0,0.0107846,0.0094829,6.0,0.0144059,905.0792093,0.0031847,0.2414543,2
2920,2067,-0.4939122,0.00672,0.0013675,1.0,0.0,2464,5,0.1388278,1,7.0,10.0,0.0015058,0.0013675,5.0,0.0023654,1389046.41469,0,0.2482141,2
1425,1202,-0.5304042,0.00459,0.0019742,1.0,0.0,1252,4,0.1041152,1,6.0,8.0,0.0025656,0.0019742,5.0,0.0008582,90344.6038735,0,0.2495779,2
624,550,-0.6910587,0.00638,0.0041331,1.0,0.0,566,4,0.0732328,1,5.0,6.0,0.0048477,0.0041331,4.0,0.0011075,630.3586563,0,0.2751769,2
370,345,-0.6410233,0.00295,0.0062353,1.0,0.0,341,4,0.0543196,1,4.0,6.0,0.0057943,0.0062353,3.0,0.0009598,6598.3096356,0,0.3401514,2
115,102,-0.6227768,0.0148,0.0223258,1.0,0.0,99,3,0.1218078,1,4.0,5.0,0.0181829,0.0223258,3.0,0.0136651,46.311502,0,0.3635146,2
542,506,-0.5792106,0.00128,0.0042422,1.0,0.0,519,3,0.0269831,1,5.0,6.0,0.0042815,0.0042422,4.0,0.0031697,58252.6146345,0,0.3229687,2
165,102,-0.4841086,0.11166,0.0320326,1.0,2.0,109,4,0.2410186,1,5.0,7.0,0.0206329,0.0320326,4.0,0.0225519,67.9068184,0.0098039,0.3382749,2
2452,2114,-0.5423808,0.00102,0.0010979,1.0,0.0,2182,4,0.1055355,1,6.0,8.0,0.0008499,0.0010979,4.0,0.0037584,1.13251121246e+12,0,0.3659748,2
1416,1086,-0.3684437,0.01184,0.0024034,1.0,0.0,1153,6,0.14916,1,6.0,9.0,0.0029388,0.0024034,5.0,0.0083218,64241.644053,0,0.2443083,2
466,314,-0.5751629,0.03543,0.0094829,1.0,1.0,350,4,0.246596,1,8.0,11.0,0.0107846,0.0094829,6.0,0.0144059,905.0792093,0.0031847,0.2414543,2
2920,2067,-0.4939122,0.00672,0.0013675,1.0,0.0,2464,5,0.1388278,1,7.0,10.0,0.0015058,0.0013675,5.0,0.0023654,1389046.41469,0,0.2482141,2
1425,1202,-0.5304042,0.00459,0.0019742,1.0,0.0,1252,4,0.1041152,1,6.0,8.0,0.0025656,0.0019742,5.0,0.0008582,90344.6038735,0,0.2495779,2
624,550,-0.6910587,0.00638,0.0041331,1.0,0.0,566,4,0.0732328,1,5.0,6.0,0.0048477,0.0041331,4.0,0.0011075,630.3586563,0,0.2751769,2
370,345,-0.6410233,0.00295,0.0062353,1.0,0.0,341,4,0.0543196,1,4.0,6.0,0.0057943,0.0062353,3.0,0.0009598,6598.3096356,0,0.3401514,2
115,102,-0.6227768,0.0148,0.0223258,1.0,0.0,99,3,0.1218078,1,4.0,5.0,0.0181829,0.0223258,3.0,0.0136651,46.311502,0,0.3635146,2
542,506,-0.5792106,0.00128,0.0042422,1.0,0.0,519,3,0.0269831,1,5.0,6.0,0.0042815,0.0042422,4.0,0.0031697,58252.6146345,0,0.3229687,2
165,102,-0.4841086,0.11166,0.0320326,1.0,2.0,109,4,0.2410186,1,5.0,7.0,0.0206329,0.0320326,4.0,0.0225519,67.9068184,0.0098039,0.3382749,2
2452,2114,-0.5423808,0.00102,0.0010979,1.0,0.0,2182,4,0.1055355,1,6.0,8.0,0.0008499,0.0010979,4.0,0.0037584,1.13251121246e+12,0,0.3659748,2
1416,1086,-0.3684437,0.01184,0.0024034,1.0,0.0,1153,6,0.14916,1,6.0,9.0,0.0029388,0.0024034,5.0,0.0083218,64241.644053,0,0.2443083,2
466,314,-0.5751629,0.03543,0.0094829,1.0,1.0,350,4,0.246596,1,8.0,11.0,0.0107846,0.0094829,6.0,0.0144059,905.0792093,0.0031847,0.2414543,2
2920,2067,-0.4939122,0.00672,0.0013675,1.0,0.0,2464,5,0.1388278,1,7.0,10.0,0.0015058,0.0013675,5.0,0.0023654,1389046.41469,0,0.2482141,2
1425,1202,-0.5304042,0.00459,0.0019742,1.0,0.0,1252,4,0.1041152,1,6.0,8.0,0.0025656,0.0019742,5.0,0.0008582,90344.6038735,0,0.2495779,2
624,550,-0.6910587,0.00638,0.0041331,1.0,0.0,566,4,0.0732328,1,5.0,6.0,0.0048477,0.0041331,4.0,0.0011075,630.3586563,0,0.2751769,2
370,345,-0.6410233,0.00295,0.0062353,1.0,0.0,341,4,0.0543196,1,4.0,6.0,0.0057943,0.0062353,3.0,0.0009598,6598.3096356,0,0.3401514,2
115,102,-0.6227768,0.0148,0.0223258,1.0,0.0,99,3,0.1218078,1,4.0,5.0,0.0181829,0.0223258,3.0,0.0136651,46.311502,0,0.3635146,2
542,506,-0.5792106,0.00128,0.0042422,1.0,0.0,519,3,0.0269831,1,5.0,6.0,0.0042815,0.0042422,4.0,0.0031697,58252.6146345,0,0.3229687,2
165,102,-0.4841086,0.11166,0.0320326,1.0,2.0,109,4,0.2410186,1,5.0,7.0,0.0206329,0.0320326,4.0,0.0225519,67.9068184,0.0098039,0.3382749,2
2452,2114,-0.5423808,0.00102,0.0010979,1.0,0.0,2182,4,0.1055355,1,6.0,8.0,0.0008499,0.0010979,4.0,0.0037584,1.13251121246e+12,0,0.3659748,2
1416,1086,-0.3684437,0.01184,0.0024034,1.0,0.0,1153,6,0.14916,1,6.0,9.0,0.0029388,0.0024034,5.0,0.0083218,64241.644053,0,0.2443083,2
466,314,-0.5751629,0.03543,0.0094829,1.0,1.0,350,4,0.246596,1,8.0,11.0,0.0107846,0.0094829,6.0,0.0144059,905.0792093,0.0031847,0.2414543,2
2920,2067,-0.4939122,0.00672,0.0013675,1.0,0.0,2464,5,0.1388278,1,7.0,10.0,0.0015058,0.0013675,5.0,0.0023654,1389046.41469,0,0.2482141,2
1425,1202,-0.5304042,0.00459,0.0019742,1.0,0.0,1252,4,0.1041152,1,6.0,8.0,0.0025656,0.0019742,5.0,0.0008582,90344.6038735,0,0.2495779,2
624,550,-0.6910587,0.00638,0.0041331,1.0,0.0,566,4,0.0732328,1,5.0,6.0,0.0048477,0.0041331,4.0,0.0011075,630.3586563,0,0.2751769,2
370,345,-0.6410233,0.00295,0.0062353,1.0,0.0,341,4,0.0543196,1,4.0,6.0,0.0057943,0.0062353,3.0,0.0009598,6598.3096356,0,0.3401514,2
115,102,-0.6227768,0.0148,0.0223258,1.0,0.0,99,3,0.1218078,1,4.0,5.0,0.0181829,0.0223258,3.0,0.0136651,46.311502,0,0.3635146,2
542,506,-0.5792106,0.00128,0.0042422,1.0,0.0,519,3,0.0269831,1,5.0,6.0,0.0042815,0.0042422,4.0,0.0031697,58252.6146345,0,0.3229687,2
165,102,-0.4841086,0.11166,0.0320326,1.0,2.0,109,4,0.2410186,1,5.0,7.0,0.0206329,0.0320326,4.0,0.0225519,67.9068184,0.0098039,0.3382749,2
2452,2114,-0.5423808,0.00102,0.0010979,1.0,0.0,2182,4,0.1055355,1,6.0,8.0,0.0008499,0.0010979,4.0,0.0037584,1.13251121246e+12,0,0.3659748,2
1416,1086,-0.3684437,0.01184,0.0024034,1.0,0.0,1153,6,0.14916,1,6.0,9.0,0.0029388,0.0024034,5.0,0.0083218,64241.644053,0,0.2443083,2
466,314,-0.5751629,0.03543,0.0094829,1.0,1.0,350,4,0.246596,1,8.0,11.0,0.0107846,0.0094829,6.0,0.0144059,905.0792093,0.0031847,0.2414543,2
2920,2067,-0.4939122,0.00672,0.0013675,1.0,0.0,2464,5,0.1388278,1,7.0,10.0,0.0015058,0.0013675,5.0,0.0023654,1389046.41469,0,0.2482141,2
1425,1202,-0.5304042,0.00459,0.0019742,1.0,0.0,1252,4,0.1041152,1,6.0,8.0,0.0025656,0.0019742,5.0,0.0008582,90344.6038735,0,0.2495779,2
624,550,-0.6910587,0.00638,0.0041331,1.0,0.0,566,4,0.0732328,1,5.0,6.0,0.0048477,0.0041331,4.0,0.0011075,630.3586563,0,0.2751769,2
370,345,-0.6410233,0.00295,0.0062353,1.0,0.0,341,4,0.0543196,1,4.0,6.0,0.0057943,0.0062353,3.0,0.0009598,6598.3096356,0,0.3401514,2
115,102,-0.6227768,0.0148,0.0223258,1.0,0.0,99,3,0.1218078,1,4.0,5.0,0.0181829,0.0223258,3.0,0.0136651,46.311502,0,0.3635146,2
542,506,-0.5792106,0.00128,0.0042422,1.0,0.0,519,3,0.0269831,1,5.0,6.0,0.0042815,0.0042422,4.0,0.0031697,58252.6146345,0,0.3229687,2
