135,112,-0.8626344,0.01899,0.0217181,1.0,0.0,118,3,0.114962,1,3.0,4.0,0.0148444,0.0217181,2.0,0.019065,64.3288693,0,0.3859045,3
823,538,-0.4412467,0.03737,0.0056974,1.0,2.0,640,6,0.1497409,1,6.0,8.0,0.005414,0.0056974,5.0,0.0079718,16070.3334974,0.0018587,0.2591167,3
814,508,-0.6920639,0.01456,0.006321,1.0,1.0,627,4,0.2344574,1,4.0,5.0,0.0034921,0.006321,3.0,0.0022521,317018.937819,0.0019685,0.3674426,3
1190,1163,-0.8461823,0.00015,0.0017611,1.0,0.0,1160,3,0.0242226,1,4.0,5.0,0.0010021,0.0017611,3.0,0.0009304,139755963032.0,0,0.4676395,3
365,351,-0.6564451,0.00187,0.0059422,1.0,0.0,350,3,0.0261063,1,6.0,8.0,0.007466,0.0059422,5.0,0.0048755,241.8442903,0,0.2811916,3
3038,2523,-0.3543319,0.0009,0.0009549,1.0,0.0,2811,4,0.0592918,1,7.0,10.0,0.0009961,0.0009549,5.0,0.0006212,220692206423.0,0,0.2923757,3
112,113,-1.0,0.0,0.0176991,1.0,0.0,112,2,0.0,1,1.0,2.0,0.0088496,0.0176991,1.0,0.0,350.1727337,0,0.5066471,3
2537,2037,-0.3884835,0.00233,0.0012234,1.0,0.0,2200,6,0.0887541,1,5.0,8.0,0.0010951,0.0012234,4.0,0.0020504,1.35290451369e+12,0,0.3215915,3
1408,1284,-0.5162184,0.00062,0.0017094,1.0,0.0,1336,4,0.037962,1,6.0,9.0,0.0016257,0.0017094,5.0,0.0017834,2982176172.29,0,0.33491,3
341,336,-0.7502198,0.00046,0.006059,1.0,0.0,333,3,0.0183506,1,4.0,5.0,0.0046912,0.006059,3.0,0.003617,46029.0117861,0,0.4014243,3
135,112,-0.8626344,0.01899,0.0217181,1.0,0.0,118,3,0.114962,1,3.0,4.0,0.0148444,0.0217181,2.0,0.019065,64.3288693,0,0.3859045,3
823,538,-0.4412467,0.03737,0.0056974,1.0,2.0,640,6,0.1497409,1,6.0,8.0,0.005414,0.0056974,5.0,0.0079718,16070.3334974,0.0018587,0.2591167,3
814,508,-0.6920639,0.01456,0.006321,1.0,1.0,627,4,0.2344574,1,4.0,5.0,0.0034921,0.006321,3.0,0.0022521,317018.937819,0.0019685,0.3674426,3
1190,1163,-0.8461823,0.00015,0.0017611,1.0,0.0,1160,3,0.0242226,1,4.0,5.0,0.0010021,0.0017611,3.0,0.0009304,139755963032.0,0,0.4676395,3
365,351,-0.6564451,0.00187,0.0059422,1.0,0.0,350,3,0.0261063,1,6.0,8.0,0.007466,0.0059422,5.0,0.0048755,241.8442903,0,0.2811916,3
3038,2523,-0.3543319,0.0009,0.0009549,1.0,0.0,2811,4,0.0592918,1,7.0,10.0,0.0009961,0.0009549,5.0,0.0006212,220692206423.0,0,0.2923757,3
112,113,-1.0,0.0,0.0176991,1.0,0.0,112,2,0.0,1,1.0,2.0,0.0088496,0.0176991,1.0,0.0,350.1727337,0,0.5066471,3
2537,2037,-0.3884835,0.00233,0.0012234,1.0,0.0,2200,6,0.0887541,1,5.0,8.0,0.0010951,0.0012234,4.0,0.0020504,1.35290451369e+12,0,0.3215915,3
1408,1284,-0.5162184,0.00062,0.0017094,1.0,0.0,1336,4,0.037962,1,6.0,9.0,0.0016257,0.0017094,5.0,0.0017834,2982176172.29,0,0.33491,3
341,336,-0.7502198,0.00046,0.006059,1.0,0.0,333,3,0.0183506,1,4.0,5.0,0.0046912,0.006059,3.0,0.003617,46029.0117861,0,0.4014243,3
135,112,-0.8626344,0.01899,0.0217181,1.0,0.0,118,3,0.114962,1,3.0,4.0,0.0148444,0.0217181,2.0,0.019065,64.3288693,0,0.3859045,3
823,538,-0.4412467,0.03737,0.0056974,1.0,2.0,640,6,0.1497409,1,6.0,8.0,0.005414,0.0056974,5.0,0.0079718,16070.3334974,0.0018587,0.2591167,3
814,508,-0.6920639,0.01456,0.006321,1.0,1.0,627,4,0.2344574,1,4.0,5.0,0.0034921,0.006321,3.0,0.0022521,317018.937819,0.0019685,0.3674426,3
1190,1163,-0.8461823,0.00015,0.0017611,1.0,0.0,1160,3,0.0242226,1,4.0,5.0,0.0010021,0.0017611,3.0,0.0009304,139755963032.0,0,0.4676395,3
365,351,-0.6564451,0.00187,0.0059422,1.0,0.0,350,3,0.0261063,1,6.0,8.0,0.007466,0.0059422,5.0,0.0048755,241.8442903,0,0.2811916,3
3038,2523,-0.3543319,0.0009,0.0009549,1.0,0.0,2811,4,0.0592918,1,7.0,10.0,0.0009961,0.0009549,5.0,0.0006212,220692206423.0,0,0.2923757,3
112,113,-1.0,0.0,0.0176991,1.0,0.0,112,2,0.0,1,1.0,2.0,0.0088496,0.0176991,1.0,0.0,350.1727337,0,0.5066471,3
2537,2037,-0.3884835,0.00233,0.0012234,1.0,0.0,2200,6,0.0887541,1,5.0,8.0,0.0010951,0.0012234,4.0,0.0020504,1.35290451369e+12,0,0.3215915,3
1408,1284,-0.5162184,0.00062,0.0017094,1.0,0.0,1336,4,0.037962,1,6.0,9.0,0.0016257,0.0017094,5.0,0.0017834,2982176172.29,0,0.33491,3
341,336,-0.7502198,0.00046,0.006059,1.0,0.0,333,3,0.0183506,1,4.0,5.0,0.0046912,0.006059,3.0,0.003617,46029.0117861,0,0.4014243,3
135,112,-0.8626344,0.01899,0.0217181,1.0,0.0,118,3,0.114962,1,3.0,4.0,0.0148444,0.0217181,2.0,0.019065,64.3288693,0,0.3859045,3
823,538,-0.4412467,0.03737,0.0056974,1.0,2.0,640,6,0.1497409,1,6.0,8.0,0.005414,0.0056974,5.0,0.0079718,16070.3334974,0.0018587,0.2591167,3
814,508,-0.6920639,0.01456,0.006321,1.0,1.0,627,4,0.2344574,1,4.0,5.0,0.0034921,0.006321,3.0,0.0022521,317018.937819,0.0019685,0.3674426,3
1190,1163,-0.8461823,0.00015,0.0017611,1.0,0.0,1160,3,0.0242226,1,4.0,5.0,0.0010021,0.0017611,3.0,0.0009304,139755963032.0,0,0.4676395,3
365,351,-0.6564451,0.00187,0.0059422,1.0,0.0,350,3,0.0261063,1,6.0,8.0,0.007466,0.0059422,5.0,0.0048755,241.8442903,0,0.2811916,3
3038,2523,-0.3543319,0.0009,0.0009549,1.0,0.0,2811,4,0.0592918,1,7.0,10.0,0.0009961,0.0009549,5.0,0.0006212,220692206423.0,0,0.2923757,3
112,113,-1.0,0.0,0.0176991,1.0,0.0,112,2,0.0,1,1.0,2.0,0.0088496,0.0176991,1.0,0.0,350.1727337,0,0.5066471,3
2537,2037,-0.3884835,0.00233,0.0012234,1.0,0.0,2200,6,0.0887541,1,5.0,8.0,0.0010951,0.0012234,4.0,0.0020504,1.35290451369e+12,0,0.3215915,3
1408,1284,-0.5162184,0.00062,0.0017094,1.0,0.0,1336,4,0.037962,1,6.0,9.0,0.0016257,0.0017094,5.0,0.0017834,2982176172.29,0,0.33491,3
341,336,-0.7502198,0.00046,0.006059,1.0,0.0,333,3,0.0183506,1,4.0,5.0,0.0046912,0.006059,3.0,0.003617,46029.0117861,0,0.4014243,3
135,112,-0.8626344,0.01899,0.0217181,1.0,0.0,118,3,0.114962,1,3.0,4.0,0.0148444,0.0217181,2.0,0.019065,64.3288693,0,0.3859045,3
823,538,-0.4412467,0.03737,0.0056974,1.0,2.0,640,6,0.1497409,1,6.0,8.0,0.005414,0.0056974,5.0,0.0079718,16070.3334974,0.0018587,0.2591167,3
814,508,-0.6920639,0.01456,0.006321,1.0,1.0,627,4,0.2344574,1,4.0,5.0,0.0034921,0.006321,3.0,0.0022521,317018.937819,0.0019685,0.3674426,3
1190,1163,-0.8461823,0.00015,0.0017611,1.0,0.0,1160,3,0.0242226,1,4.0,5.0,0.0010021,0.0017611,3.0,0.0009304,139755963032.0,0,0.4676395,3
365,351,-0.6564451,0.00187,0.0059422,1.0,0.0,350,3,0.0261063,1,6.0,8.0,0.007466,0.0059422,5.0,0.0048755,241.8442903,0,0.2811916,3
3038,2523,-0.3543319,0.0009,0.0009549,1.0,0.0,2811,4,0.0592918,1,7.0,10.0,0.0009961,0.0009549,5.0,0.0006212,220692206423.0,0,0.2923757,3
112,113,-1.0,0.0,0.0176991,1.0,0.0,112,2,0.0,1,1.0,2.0,0.0088496,0.0176991,1.0,0.0,350.1727337,0,0.5066471,3
2537,2037,-0.3884835,0.00233,0.0012234,1.0,0.0,2200,6,0.0887541,1,5.0,8.0,0.0010951,0.0012234,4.0,0.0020504,1.35290451369e+12,0,0.3215915,3
1408,1284,-0.5162184,0.00062,0.0017094,1.0,0.0,1336,4,0.037962,1,6.0,9.0,0.0016257,0.0017094,5.0,0.0017834,2982176172.29,0,0.33491,3
341,336,-0.7502198,0.00046,0.006059,1.0,0.0,333,3,0.0183506,1,4.0,5.0,0.0046912,0.006059,3.0,0.003617,46029.0117861,0,0.4014243,3
135,112,-0.8626344,0.01899,0.0217181,1.0,0.0,118,3,0.114962,1,3.0,4.0,0.0148444,0.0217181,2.0,0.019065,64.3288693,0,0.3859045,3
823,538,-0.4412467,0.03737,0.0056974,1.0,2.0,640,6,0.1497409,1,6.0,8.0,0.005414,0.0056974,5.0,0.0079718,16070.3334974,0.0018587,0.2591167,3
814,508,-0.6920639,0.01456,0.006321,1.0,1.0,627,4,0.2344574,1,4.0,5.0,0.0034921,0.006321,3.0,0.0022521,317018.937819,0.0019685,0.3674426,3
1190,1163,-0.8461823,0.00015,0.0017611,1.0,0.0,1160,3,0.0242226,1,4.0,5.0,0.0010021,0.0017611,3.0,0.0009304,139755963032.0,0,0.4676395,3
365,351,-0.6564451,0.00187,0.0059422,1.0,0.0,350,3,0.0261063,1,6.0,8.0,0.007466,0.0059422,5.0,0.0048755,241.8442903,0,0.2811916,3
3038,2523,-0.3543319,0.0009,0.0009549,1.0,0.0,2811,4,0.0592918,1,7.0,10.0,0.0009961,0.0009549,5.0,0.0006212,220692206423.0,0,0.2923757,3
112,113,-1.0,0.0,0.0176991,1.0,0.0,112,2,0.0,1,1.0,2.0,0.0088496,0.0176991,1.0,0.0,350.1727337,0,0.5066471,3
2537,2037,-0.3884835,0.00233,0.0012234,1.0,0.0,2200,6,0.0887541,1,5.0,8.0,0.0010951,0.0012234,4.0,0.0020504,1.35290451369e+12,0,0.3215915,3
1408,1284,-0.5162184,0.00062,0.0017094,1.0,0.0,1336,4,0.037962,1,6.0,9.0,0.0016257,0.0017094,5.0,0.0017834,2982176172.29,0,0.33491,3
341,336,-0.7502198,0.00046,0.006059,1.0,0.0,333,3,0.0183506,1,4.0,5.0,0.0046912,0.006059,3.0,0.003617,46029.0117861,0,0.4014243,3
135,112,-0.8626344,0.01899,0.0217181,1.0,0.0,118,3,0.114962,1,3.0,4.0,0.0148444,0.0217181,2.0,0.019065,64.3288693,0,0.3859045,3
823,538,-0.4412467,0.03737,0.0056974,1.0,2.0,640,6,0.1497409,1,6.0,8.0,0.005414,0.0056974,5.0,0.0079718,16070.3334974,0.0018587,0.2591167,3
814,508,-0.6920639,0.01456,0.006321,1.0,1.0,627,4,0.2344574,1,4.0,5.0,0.0034921,0.006321,3.0,0.0022521,317018.937819,0.0019685,0.3674426,3
1190,1163,-0.8461823,0.00015,0.0017611,1.0,0.0,1160,3,0.0242226,1,4.0,5.0,0.0010021,0.0017611,3.0,0.0009304,139755963032.0,0,0.4676395,3
365,351,-0.6564451,0.00187,0.0059422,1.0,0.0,350,3,0.0261063,1,6.0,8.0,0.007466,0.0059422,5.0,0.0048755,241.8442903,0,0.2811916,3
3038,2523,-0.3543319,0.0009,0.0009549,1.0,0.0,2811,4,0.0592918,1,7.0,10.0,0.0009961,0.0009549,5.0,0.0006212,220692206423.0,0,0.2923757,3
112,113,-1.0,0.0,0.0176991,1.0,0.0,112,2,0.0,1,1.0,2.0,0.0088496,0.0176991,1.0,0.0,350.1727337,0,0.5066471,3
2537,2037,-0.3884835,0.00233,0.0012234,1.0,0.0,2200,6,0.0887541,1,5.0,8.0,0.0010951,0.0012234,4.0,0.0020504,1.35290451369e+12,0,0.3215915,3
1408,1284,-0.5162184,0.00062,0.0017094,1.0,0.0,1336,4,0.037962,1,6.0,9.0,0.0016257,0.0017094,5.0,0.0017834,2982176172.29,0,0.33491,3
341,336,-0.7502198,0.00046,0.006059,1.0,0.0,333,3,0.0183506,1,4.0,5.0,0.0046912,0.006059,3.0,0.003617,46029.0117861,0,0.4014243,3
135,112,-0.8626344,0.01899,0.0217181,1.0,0.0,118,3,0.114962,1,3.0,4.0,0.0148444,0.0217181,2.0,0.019065,64.3288693,0,0.3859045,3
823,538,-0.4412467,0.03737,0.0056974,1.0,2.0,640,6,0.1497409,1,6.0,8.0,0.005414,0.0056974,5.0,0.0079718,16070.3334974,0.0018587,0.2591167,3
814,508,-0.6920639,0.01456,0.006321,1.0,1.0,627,4,0.2344574,1,4.0,5.0,0.0034921,0.006321,3.0,0.0022521,317018.937819,0.0019685,0.3674426,3
1190,1163,-0.8461823,0.00015,0.0017611,1.0,0.0,1160,3,0.0242226,1,4.0,5.0,0.0010021,0.0017611,3.0,0.0009304,139755963032.0,0,0.4676395,3
365,351,-0.6564451,0.00187,0.0059422,1.0,0.0,350,3,0.0261063,1,6.0,8.0,0.007466,0.0059422,5.0,0.0048755,241.8442903,0,0.2811916,3
3038,2523,-0.3543319,0.0009,0.0009549,1.0,0.0,2811,4,0.0592918,1,7.0,10.0,0.0009961,0.0009549,5.0,0.0006212,220692206423.0,0,0.2923757,3
112,113,-1.0,0.0,0.0176991,1.0,0.0,112,2,0.0,1,1.0,2.0,0.0088496,0.0176991,1.0,0.0,350.1727337,0,0.5066471,3
2537,2037,-0.3884835,0.00233,0.0012234,1.0,0.0,2200,6,0.0887541,1,5.0,8.0,0.0010951,0.0012234,4.0,0.0020504,1.35290451369e+12,0,0.3215915,3
1408,1284,-0.5162184,0.00062,0.0017094,1.0,0.0,1336,4,0.037962,1,6.0,9.0,0.0016257,0.0017094,5.0,0.0017834,2982176172.29,0,0.33491,3
341,336,-0.7502198,0.00046,0.006059,1.0,0.0,333,3,0.0183506,1,4.0,5.0,0.0046912,0.006059,3.0,0.003617,46029.0117861,0,0.4014243,3
135,112,-0.8626344,0.01899,0.0217181,1.0,0.0,118,3,0.114962,1,3.0,4.0,0.0148444,0.0217181,2.0,0.019065,64.3288693,0,0.3859045,3
823,538,-0.4412467,0.03737,0.0056974,1.0,2.0,640,6,0.1497409,1,6.0,8.0,0.005414,0.0056974,5.0,0.0079718,16070.3334974,0.0018587,0.2591167,3
814,508,-0.6920639,0.01456,0.006321,1.0,1.0,627,4,0.2344574,1,4.0,5.0,0.0034921,0.006321,3.0,0.0022521,317018.937819,0.0019685,0.3674426,3
1190,1163,-0.8461823,0.00015,0.0017611,1.0,0.0,1160,3,0.0242226,1,4.0,5.0,0.0010021,0.0017611,3.0,0.0009304,139755963032.0,0,0.4676395,3
365,351,-0.6564451,0.00187,0.0059422,1.0,0.0,350,3,0.0261063,1,6.0,8.0,0.007466,0.0059422,5.0,0.0048755,241.8442903,0,0.2811916,3
3038,2523,-0.3543319,0.0009,0.0009549,1.0,0.0,2811,4,0.0592918,1,7.0,10.0,0.0009961,0.0009549,5.0,0.0006212,220692206423.0,0,0.2923757,3
112,113,-1.0,0.0,0.0176991,1.0,0.0,112,2,0.0,1,1.0,2.0,0.0088496,0.0176991,1.0,0.0,350.1727337,0,0.5066471,3
2537,2037,-0.3884835,0.00233,0.0012234,1.0,0.0,2200,6,0.0887541,1,5.0,8.0,0.0010951,0.0012234,4.0,0.0020504,1.35290451369e+12,0,0.3215915,3
1408,1284,-0.5162184,0.00062,0.0017094,1.0,0.0,1336,4,0.037962,1,6.0,9.0,0.0016257,0.0017094,5.0,0.0017834,2982176172.29,0,0.33491,3
341,336,-0.7502198,0.00046,0.006059,1.0,0.0,333,3,0.0183506,1,4.0,5.0,0.0046912,0.006059,3.0,0.003617,46029.0117861,0,0.4014243,3
135,112,-0.8626344,0.01899,0.0217181,1.0,0.0,118,3,0.114962,1,3.0,4.0,0.0148444,0.0217181,2.0,0.019065,64.3288693,0,0.3859045,3
823,538,-0.4412467,0.03737,0.0056974,1.0,2.0,640,6,0.1497409,1,6.0,8.0,0.005414,0.0056974,5.0,0.0079718,16070.3334974,0.0018587,0.2591167,3
814,508,-0.6920639,0.01456,0.006321,1.0,1.0,627,4,0.2344574,1,4.0,5.0,0.0034921,0.006321,3.0,0.0022521,317018.937819,0.0019685,0.3674426,3
1190,1163,-0.8461823,0.00015,0.0017611,1.0,0.0,1160,3,0.0242226,1,4.0,5.0,0.0010021,0.0017611,3.0,0.0009304,139755963032.0,0,0.4676395,3
365,351,-0.6564451,0.00187,0.0059422,1.0,0.0,350,3,0.0261063,1,6.0,8.0,0.007466,0.0059422,5.0,0.0048755,241.8442903,0,0.2811916,3
3038,2523,-0.3543319,0.0009,0.0009549,1.0,0.0,2811,4,0.0592918,1,7.0,10.0,0.0009961,0.0009549,5.0,0.0006212,220692206423.0,0,0.2923757,3
112,113,-1.0,0.0,0.0176991,1.0,0.0,112,2,0.0,1,1.0,2.0,0.0088496,0.0176991,1.0,0.0,350.1727337,0,0.5066471,3
2537,2037,-0.3884835,0.00233,0.0012234,1.0,0.0,2200,6,0.0887541,1,5.0,8.0,0.0010951,0.0012234,4.0,0.0020504,1.35290451369e+12,0,0.3215915,3
1408,1284,-0.5162184,0.00062,0.0017094,1.0,0.0,1336,4,0.037962,1,6.0,9.0,0.0016257,0.0017094,5.0,0.0017834,2982176172.29,0,0.33491,3
341,336,-0.7502198,0.00046,0.006059,1.0,0.0,333,3,0.0183506,1,4.0,5.0,0.0046912,0.006059,3.0,0.003617,46029.0117861,0,0.4014243,3
