339,300,-0.3256605,0.02791,0.0075585,1.0,0.0,323,3,0.0250476,1,17.0,24.0,0.0286333,0.0075585,12.0,0.0071585,2.9649978,0.0033333,0.1088754,1
1157,513,-0.6734035,0.04966,0.00881,2.0,6.0,663,7,0.3765605,1,4.0,6.0,0.0036884,0.00881,3.0,0.0135017,24695043.7821,0.0019493,0.3544375,1
120,100,-0.1941848,0.04054,0.0242424,1.0,0.0,114,3,0.0283333,1,14.0,19.0,0.0731952,0.0242424,10.0,0.0310862,2.8557597,0.01,0.1258818,1
1400,1001,-0.1524921,0.04888,0.0027972,1.0,0.0,1302,3,0.0451548,1,44.0,59.0,0.0220455,0.0027972,30.0,0.0706859,3.4130531,0.000999,0.0449576,1
2853,2001,0.0128332,0.04481,0.0014258,1.0,0.0,2665,3,0.0388472,1,74.0,91.0,0.0184778,0.0014258,46.0,0.0645911,3.4916351,0.0004998,0.0273634,1
2695,2002,-0.0618491,0.03701,0.0013455,1.0,0.0,2556,3,0.0304695,1,71.0,93.0,0.0170423,0.0013455,47.0,0.0517292,3.2497023,0.0004995,0.0292859,1
631,501,-0.1766711,0.06749,0.0050379,1.0,0.0,578,3,0.047505,1,47.0,62.0,0.0428053,0.0050379,31.0,0.041229,3.0787051,0.001996,0.0468015,1
593,500,-0.0884601,0.03617,0.0047535,1.0,0.0,564,3,0.0217143,1,39.0,54.0,0.0350786,0.0047535,27.0,0.0144121,2.9271712,0.002,0.0574395,1
12646,2003,-0.1328925,0.2491,0.0063072,6.0,99.0,14122,22,0.4129739,1,6.0,9.0,0.0012206,0.0063072,5.0,0.038947,7.4146618359e+23,0.0004993,0.2959872,1
688,500,-0.2035032,0.14342,0.005515,1.0,0.0,514,4,0.1705021,1,15.0,20.0,0.0156121,0.005515,11.0,0.0501332,4.9236697,0.002,0.1186352,1
117,101,-0.173044,0.07895,0.0231683,1.0,0.0,105,3,0.0561056,1,20.0,26.0,0.0948955,0.0231683,13.0,0.0268344,2.8846789,0.009901,0.0995279,1
351,300,-0.1230047,0.06019,0.0078261,1.0,0.0,327,3,0.0387778,1,53.0,68.0,0.0812366,0.0078261,34.0,0.0154319,2.8337112,0.0033333,0.0414925,1
196,105,-0.5050368,0.07749,0.0358974,2.0,4.0,125,5,0.3101503,1,3.0,4.0,0.0110121,0.0358974,2.0,0.0814838,1610.5619286,0.0095238,0.4752916,1
2611,2000,-0.1832801,0.07608,0.0013062,1.0,0.0,2295,4,0.0683264,1,48.0,62.0,0.0086823,0.0013062,31.0,0.0358061,3.8873068,0.0005,0.0569285,1
1374,1001,-0.1005076,0.01715,0.0027453,1.0,0.0,1341,3,0.0156177,1,69.0,93.0,0.0286786,0.0027453,47.0,0.0665538,3.2797387,0.000999,0.0357895,1
587,310,-0.7267553,0.03963,0.012256,1.0,4.0,369,5,0.3461652,1,3.0,4.0,0.004802,0.012256,2.0,0.0076764,543984.700279,0.0032258,0.4090171,1
412,301,-0.1012989,0.07435,0.0091251,1.0,0.0,369,3,0.0565891,1,28.0,38.0,0.0455999,0.0091251,19.0,0.0433966,3.4028431,0.0033223,0.0709391,1
106,100,-0.0913032,0.0,0.0214141,1.0,0.0,106,2,0.0,1,20.0,28.0,0.094195,0.0214141,14.0,0.0,2.4753178,0.01,0.1022231,1
12280,1002,-0.4441991,0.36585,0.0244865,14.0,553.0,63245,48,0.5476196,1,3.0,5.0,0.0015453,0.0244865,3.0,0.0182453,1.9612691378e+42,0.000998,0.3999502,1
632,500,-0.0744366,0.06412,0.0050661,1.0,0.0,577,3,0.0486,1,27.0,34.0,0.0294834,0.0050661,20.0,0.0342912,3.1023247,0.002,0.0650232,1
1325,1000,0.0192917,0.14806,0.0026527,1.0,0.0,1094,6,0.0803149,1,56.0,72.0,0.0240247,0.0026527,36.0,0.0447301,6.2955936,0.001,0.0425115,1
5085,1036,-0.4419971,0.1514,0.0094846,5.0,48.0,4211,13,0.4048919,1,5.0,8.0,0.0019695,0.0094846,4.0,0.0190601,1.11350779658e+17,0.0009653,0.335653,1
458,353,-0.9460753,0.006,0.0073719,1.0,0.0,351,3,0.297475,1,3.0,4.0,0.0034949,0.0073719,2.0,0.0100546,423913.262819,0.0028329,0.4525868,1
1259,1001,0.0834514,0.03511,0.0025155,1.0,0.0,1200,3,0.0187907,1,45.0,61.0,0.0168844,0.0025155,31.0,0.0105804,3.0599865,0.000999,0.0596039,1
110,111,-1.0,0.0,0.018018,1.0,0.0,110,2,0.0,1,1.0,2.0,0.009009,0.018018,1.0,0.0,324.274739,0.009009,0.506767,1
1269,547,-0.8070187,0.02213,0.0084979,2.0,6.0,777,5,0.4399589,1,3.0,4.0,0.0025998,0.0084979,3.0,0.0104092,6613295190.6,0.0018282,0.4197414,1
333,300,-0.0518437,0.01951,0.0074247,1.0,0.0,325,3,0.0117778,1,36.0,47.0,0.054363,0.0074247,24.0,0.0036331,2.6836378,0.0033333,0.0613038,1
119,101,-0.2096651,0.09796,0.0235644,1.0,0.0,104,3,0.0643564,1,16.0,22.0,0.0792279,0.0235644,11.0,0.0196031,3.0056283,0.009901,0.1178338,1
2554,2000,-0.0914801,0.07158,0.0012776,1.0,0.0,2317,3,0.05115,1,65.0,88.0,0.015617,0.0012776,44.0,0.0388215,3.1058647,0.0005,0.0322357,1
1242,1000,-0.1381443,0.06854,0.0024865,1.0,0.0,1132,3,0.0586333,1,44.0,57.0,0.0241202,0.0024865,29.0,0.0377566,3.0132895,0.001,0.0411656,1
661,500,-0.0346889,0.08517,0.0052986,1.0,0.0,591,3,0.0616,1,42.0,56.0,0.0378847,0.0052986,28.0,0.0565419,3.295869,0.002,0.0528544,1
378,300,-0.1711206,0.03362,0.0084281,1.0,0.0,361,3,0.0192222,1,26.0,34.0,0.0421435,0.0084281,17.0,0.0561678,3.070691,0.0033333,0.0763453,1
113,100,-0.3988069,0.02381,0.0228283,1.0,0.0,109,3,0.0211429,1,16.0,22.0,0.0761822,0.0228283,11.0,0.0135912,2.8594046,0.01,0.1213046,1
339,300,-0.3256605,0.02791,0.0075585,1.0,0.0,323,3,0.0250476,1,17.0,24.0,0.0286333,0.0075585,12.0,0.0071585,2.9649978,0.0033333,0.1088754,1
1157,513,-0.6734035,0.04966,0.00881,2.0,6.0,663,7,0.3765605,1,4.0,6.0,0.0036884,0.00881,3.0,0.0135017,24695043.7821,0.0019493,0.3544375,1
120,100,-0.1941848,0.04054,0.0242424,1.0,0.0,114,3,0.0283333,1,14.0,19.0,0.0731952,0.0242424,10.0,0.0310862,2.8557597,0.01,0.1258818,1
1400,1001,-0.1524921,0.04888,0.0027972,1.0,0.0,1302,3,0.0451548,1,44.0,59.0,0.0220455,0.0027972,30.0,0.0706859,3.4130531,0.000999,0.0449576,1
2853,2001,0.0128332,0.04481,0.0014258,1.0,0.0,2665,3,0.0388472,1,74.0,91.0,0.0184778,0.0014258,46.0,0.0645911,3.4916351,0.0004998,0.0273634,1
2695,2002,-0.0618491,0.03701,0.0013455,1.0,0.0,2556,3,0.0304695,1,71.0,93.0,0.0170423,0.0013455,47.0,0.0517292,3.2497023,0.0004995,0.0292859,1
631,501,-0.1766711,0.06749,0.0050379,1.0,0.0,578,3,0.047505,1,47.0,62.0,0.0428053,0.0050379,31.0,0.041229,3.0787051,0.001996,0.0468015,1
593,500,-0.0884601,0.03617,0.0047535,1.0,0.0,564,3,0.0217143,1,39.0,54.0,0.0350786,0.0047535,27.0,0.0144121,2.9271712,0.002,0.0574395,1
12646,2003,-0.1328925,0.2491,0.0063072,6.0,99.0,14122,22,0.4129739,1,6.0,9.0,0.0012206,0.0063072,5.0,0.038947,7.4146618359e+23,0.0004993,0.2959872,1
688,500,-0.2035032,0.14342,0.005515,1.0,0.0,514,4,0.1705021,1,15.0,20.0,0.0156121,0.005515,11.0,0.0501332,4.9236697,0.002,0.1186352,1
117,101,-0.173044,0.07895,0.0231683,1.0,0.0,105,3,0.0561056,1,20.0,26.0,0.0948955,0.0231683,13.0,0.0268344,2.8846789,0.009901,0.0995279,1
351,300,-0.1230047,0.06019,0.0078261,1.0,0.0,327,3,0.0387778,1,53.0,68.0,0.0812366,0.0078261,34.0,0.0154319,2.8337112,0.0033333,0.0414925,1
196,105,-0.5050368,0.07749,0.0358974,2.0,4.0,125,5,0.3101503,1,3.0,4.0,0.0110121,0.0358974,2.0,0.0814838,1610.5619286,0.0095238,0.4752916,1
2611,2000,-0.1832801,0.07608,0.0013062,1.0,0.0,2295,4,0.0683264,1,48.0,62.0,0.0086823,0.0013062,31.0,0.0358061,3.8873068,0.0005,0.0569285,1
1374,1001,-0.1005076,0.01715,0.0027453,1.0,0.0,1341,3,0.0156177,1,69.0,93.0,0.0286786,0.0027453,47.0,0.0665538,3.2797387,0.000999,0.0357895,1
587,310,-0.7267553,0.03963,0.012256,1.0,4.0,369,5,0.3461652,1,3.0,4.0,0.004802,0.012256,2.0,0.0076764,543984.700279,0.0032258,0.4090171,1
412,301,-0.1012989,0.07435,0.0091251,1.0,0.0,369,3,0.0565891,1,28.0,38.0,0.0455999,0.0091251,19.0,0.0433966,3.4028431,0.0033223,0.0709391,1
106,100,-0.0913032,0.0,0.0214141,1.0,0.0,106,2,0.0,1,20.0,28.0,0.094195,0.0214141,14.0,0.0,2.4753178,0.01,0.1022231,1
12280,1002,-0.4441991,0.36585,0.0244865,14.0,553.0,63245,48,0.5476196,1,3.0,5.0,0.0015453,0.0244865,3.0,0.0182453,1.9612691378e+42,0.000998,0.3999502,1
632,500,-0.0744366,0.06412,0.0050661,1.0,0.0,577,3,0.0486,1,27.0,34.0,0.0294834,0.0050661,20.0,0.0342912,3.1023247,0.002,0.0650232,1
1325,1000,0.0192917,0.14806,0.0026527,1.0,0.0,1094,6,0.0803149,1,56.0,72.0,0.0240247,0.0026527,36.0,0.0447301,6.2955936,0.001,0.0425115,1
5085,1036,-0.4419971,0.1514,0.0094846,5.0,48.0,4211,13,0.4048919,1,5.0,8.0,0.0019695,0.0094846,4.0,0.0190601,1.11350779658e+17,0.0009653,0.335653,1
458,353,-0.9460753,0.006,0.0073719,1.0,0.0,351,3,0.297475,1,3.0,4.0,0.0034949,0.0073719,2.0,0.0100546,423913.262819,0.0028329,0.4525868,1
1259,1001,0.0834514,0.03511,0.0025155,1.0,0.0,1200,3,0.0187907,1,45.0,61.0,0.0168844,0.0025155,31.0,0.0105804,3.0599865,0.000999,0.0596039,1
110,111,-1.0,0.0,0.018018,1.0,0.0,110,2,0.0,1,1.0,2.0,0.009009,0.018018,1.0,0.0,324.274739,0.009009,0.506767,1
1269,547,-0.8070187,0.02213,0.0084979,2.0,6.0,777,5,0.4399589,1,3.0,4.0,0.0025998,0.0084979,3.0,0.0104092,6613295190.6,0.0018282,0.4197414,1
333,300,-0.0518437,0.01951,0.0074247,1.0,0.0,325,3,0.0117778,1,36.0,47.0,0.054363,0.0074247,24.0,0.0036331,2.6836378,0.0033333,0.0613038,1
119,101,-0.2096651,0.09796,0.0235644,1.0,0.0,104,3,0.0643564,1,16.0,22.0,0.0792279,0.0235644,11.0,0.0196031,3.0056283,0.009901,0.1178338,1
2554,2000,-0.0914801,0.07158,0.0012776,1.0,0.0,2317,3,0.05115,1,65.0,88.0,0.015617,0.0012776,44.0,0.0388215,3.1058647,0.0005,0.0322357,1
1242,1000,-0.1381443,0.06854,0.0024865,1.0,0.0,1132,3,0.0586333,1,44.0,57.0,0.0241202,0.0024865,29.0,0.0377566,3.0132895,0.001,0.0411656,1
661,500,-0.0346889,0.08517,0.0052986,1.0,0.0,591,3,0.0616,1,42.0,56.0,0.0378847,0.0052986,28.0,0.0565419,3.295869,0.002,0.0528544,1
378,300,-0.1711206,0.03362,0.0084281,1.0,0.0,361,3,0.0192222,1,26.0,34.0,0.0421435,0.0084281,17.0,0.0561678,3.070691,0.0033333,0.0763453,1
113,100,-0.3988069,0.02381,0.0228283,1.0,0.0,109,3,0.0211429,1,16.0,22.0,0.0761822,0.0228283,11.0,0.0135912,2.8594046,0.01,0.1213046,1
339,300,-0.3256605,0.02791,0.0075585,1.0,0.0,323,3,0.0250476,1,17.0,24.0,0.0286333,0.0075585,12.0,0.0071585,2.9649978,0.0033333,0.1088754,1
1157,513,-0.6734035,0.04966,0.00881,2.0,6.0,663,7,0.3765605,1,4.0,6.0,0.0036884,0.00881,3.0,0.0135017,24695043.7821,0.0019493,0.3544375,1
120,100,-0.1941848,0.04054,0.0242424,1.0,0.0,114,3,0.0283333,1,14.0,19.0,0.0731952,0.0242424,10.0,0.0310862,2.8557597,0.01,0.1258818,1
1400,1001,-0.1524921,0.04888,0.0027972,1.0,0.0,1302,3,0.0451548,1,44.0,59.0,0.0220455,0.0027972,30.0,0.0706859,3.4130531,0.000999,0.0449576,1
2853,2001,0.0128332,0.04481,0.0014258,1.0,0.0,2665,3,0.0388472,1,74.0,91.0,0.0184778,0.0014258,46.0,0.0645911,3.4916351,0.0004998,0.0273634,1
2695,2002,-0.0618491,0.03701,0.0013455,1.0,0.0,2556,3,0.0304695,1,71.0,93.0,0.0170423,0.0013455,47.0,0.0517292,3.2497023,0.0004995,0.0292859,1
631,501,-0.1766711,0.06749,0.0050379,1.0,0.0,578,3,0.047505,1,47.0,62.0,0.0428053,0.0050379,31.0,0.041229,3.0787051,0.001996,0.0468015,1
593,500,-0.0884601,0.03617,0.0047535,1.0,0.0,564,3,0.0217143,1,39.0,54.0,0.0350786,0.0047535,27.0,0.0144121,2.9271712,0.002,0.0574395,1
12646,2003,-0.1328925,0.2491,0.0063072,6.0,99.0,14122,22,0.4129739,1,6.0,9.0,0.0012206,0.0063072,5.0,0.038947,7.4146618359e+23,0.0004993,0.2959872,1
688,500,-0.2035032,0.14342,0.005515,1.0,0.0,514,4,0.1705021,1,15.0,20.0,0.0156121,0.005515,11.0,0.0501332,4.9236697,0.002,0.1186352,1
117,101,-0.173044,0.07895,0.0231683,1.0,0.0,105,3,0.0561056,1,20.0,26.0,0.0948955,0.0231683,13.0,0.0268344,2.8846789,0.009901,0.0995279,1
351,300,-0.1230047,0.06019,0.0078261,1.0,0.0,327,3,0.0387778,1,53.0,68.0,0.0812366,0.0078261,34.0,0.0154319,2.8337112,0.0033333,0.0414925,1
196,105,-0.5050368,0.07749,0.0358974,2.0,4.0,125,5,0.3101503,1,3.0,4.0,0.0110121,0.0358974,2.0,0.0814838,1610.5619286,0.0095238,0.4752916,1
2611,2000,-0.1832801,0.07608,0.0013062,1.0,0.0,2295,4,0.0683264,1,48.0,62.0,0.0086823,0.0013062,31.0,0.0358061,3.8873068,0.0005,0.0569285,1
1374,1001,-0.1005076,0.01715,0.0027453,1.0,0.0,1341,3,0.0156177,1,69.0,93.0,0.0286786,0.0027453,47.0,0.0665538,3.2797387,0.000999,0.0357895,1
587,310,-0.7267553,0.03963,0.012256,1.0,4.0,369,5,0.3461652,1,3.0,4.0,0.004802,0.012256,2.0,0.0076764,543984.700279,0.0032258,0.4090171,1
412,301,-0.1012989,0.07435,0.0091251,1.0,0.0,369,3,0.0565891,1,28.0,38.0,0.0455999,0.0091251,19.0,0.0433966,3.4028431,0.0033223,0.0709391,1
106,100,-0.0913032,0.0,0.0214141,1.0,0.0,106,2,0.0,1,20.0,28.0,0.094195,0.0214141,14.0,0.0,2.4753178,0.01,0.1022231,1
12280,1002,-0.4441991,0.36585,0.0244865,14.0,553.0,63245,48,0.5476196,1,3.0,5.0,0.0015453,0.0244865,3.0,0.0182453,1.9612691378e+42,0.000998,0.3999502,1
632,500,-0.0744366,0.06412,0.0050661,1.0,0.0,577,3,0.0486,1,27.0,34.0,0.0294834,0.0050661,20.0,0.0342912,3.1023247,0.002,0.0650232,1
1325,1000,0.0192917,0.14806,0.0026527,1.0,0.0,1094,6,0.0803149,1,56.0,72.0,0.0240247,0.0026527,36.0,0.0447301,6.2955936,0.001,0.0425115,1
5085,1036,-0.4419971,0.1514,0.0094846,5.0,48.0,4211,13,0.4048919,1,5.0,8.0,0.0019695,0.0094846,4.0,0.0190601,1.11350779658e+17,0.0009653,0.335653,1
458,353,-0.9460753,0.006,0.0073719,1.0,0.0,351,3,0.297475,1,3.0,4.0,0.0034949,0.0073719,2.0,0.0100546,423913.262819,0.0028329,0.4525868,1
1259,1001,0.0834514,0.03511,0.0025155,1.0,0.0,1200,3,0.0187907,1,45.0,61.0,0.0168844,0.0025155,31.0,0.0105804,3.0599865,0.000999,0.0596039,1
110,111,-1.0,0.0,0.018018,1.0,0.0,110,2,0.0,1,1.0,2.0,0.009009,0.018018,1.0,0.0,324.274739,0.009009,0.506767,1
1269,547,-0.8070187,0.02213,0.0084979,2.0,6.0,777,5,0.4399589,1,3.0,4.0,0.0025998,0.0084979,3.0,0.0104092,6613295190.6,0.0018282,0.4197414,1
333,300,-0.0518437,0.01951,0.0074247,1.0,0.0,325,3,0.0117778,1,36.0,47.0,0.054363,0.0074247,24.0,0.0036331,2.6836378,0.0033333,0.0613038,1
119,101,-0.2096651,0.09796,0.0235644,1.0,0.0,104,3,0.0643564,1,16.0,22.0,0.0792279,0.0235644,11.0,0.0196031,3.0056283,0.009901,0.1178338,1
2554,2000,-0.0914801,0.07158,0.0012776,1.0,0.0,2317,3,0.05115,1,65.0,88.0,0.015617,0.0012776,44.0,0.0388215,3.1058647,0.0005,0.0322357,1
1242,1000,-0.1381443,0.06854,0.0024865,1.0,0.0,1132,3,0.0586333,1,44.0,57.0,0.0241202,0.0024865,29.0,0.0377566,3.0132895,0.001,0.0411656,1
661,500,-0.0346889,0.08517,0.0052986,1.0,0.0,591,3,0.0616,1,42.0,56.0,0.0378847,0.0052986,28.0,0.0565419,3.295869,0.002,0.0528544,1
378,300,-0.1711206,0.03362,0.0084281,1.0,0.0,361,3,0.0192222,1,26.0,34.0,0.0421435,0.0084281,17.0,0.0561678,3.070691,0.0033333,0.0763453,1
113,100,-0.3988069,0.02381,0.0228283,1.0,0.0,109,3,0.0211429,1,16.0,22.0,0.0761822,0.0228283,11.0,0.0135912,2.8594046,0.01,0.1213046,1
339,300,-0.3256605,0.02791,0.0075585,1.0,0.0,323,3,0.0250476,1,17.0,24.0,0.0286333,0.0075585,12.0,0.0071585,2.9649978,0.0033333,0.1088754,1
1157,513,-0.6734035,0.04966,0.00881,2.0,6.0,663,7,0.3765605,1,4.0,6.0,0.0036884,0.00881,3.0,0.0135017,24695043.7821,0.0019493,0.3544375,1
120,100,-0.1941848,0.04054,0.0242424,1.0,0.0,114,3,0.0283333,1,14.0,19.0,0.0731952,0.0242424,10.0,0.0310862,2.8557597,0.01,0.1258818,1
1400,1001,-0.1524921,0.04888,0.0027972,1.0,0.0,1302,3,0.0451548,1,44.0,59.0,0.0220455,0.0027972,30.0,0.0706859,3.4130531,0.000999,0.0449576,1
2853,2001,0.0128332,0.04481,0.0014258,1.0,0.0,2665,3,0.0388472,1,74.0,91.0,0.0184778,0.0014258,46.0,0.0645911,3.4916351,0.0004998,0.0273634,1
2695,2002,-0.0618491,0.03701,0.0013455,1.0,0.0,2556,3,0.0304695,1,71.0,93.0,0.0170423,0.0013455,47.0,0.0517292,3.2497023,0.0004995,0.0292859,1
631,501,-0.1766711,0.06749,0.0050379,1.0,0.0,578,3,0.047505,1,47.0,62.0,0.0428053,0.0050379,31.0,0.041229,3.0787051,0.001996,0.0468015,1
593,500,-0.0884601,0.03617,0.0047535,1.0,0.0,564,3,0.0217143,1,39.0,54.0,0.0350786,0.0047535,27.0,0.0144121,2.9271712,0.002,0.0574395,1
12646,2003,-0.1328925,0.2491,0.0063072,6.0,99.0,14122,22,0.4129739,1,6.0,9.0,0.0012206,0.0063072,5.0,0.038947,7.4146618359e+23,0.0004993,0.2959872,1
688,500,-0.2035032,0.14342,0.005515,1.0,0.0,514,4,0.1705021,1,15.0,20.0,0.0156121,0.005515,11.0,0.0501332,4.9236697,0.002,0.1186352,1
117,101,-0.173044,0.07895,0.0231683,1.0,0.0,105,3,0.0561056,1,20.0,26.0,0.0948955,0.0231683,13.0,0.0268344,2.8846789,0.009901,0.0995279,1
351,300,-0.1230047,0.06019,0.0078261,1.0,0.0,327,3,0.0387778,1,53.0,68.0,0.0812366,0.0078261,34.0,0.0154319,2.8337112,0.0033333,0.0414925,1
196,105,-0.5050368,0.07749,0.0358974,2.0,4.0,125,5,0.3101503,1,3.0,4.0,0.0110121,0.0358974,2.0,0.0814838,1610.5619286,0.0095238,0.4752916,1
2611,2000,-0.1832801,0.07608,0.0013062,1.0,0.0,2295,4,0.0683264,1,48.0,62.0,0.0086823,0.0013062,31.0,0.0358061,3.8873068,0.0005,0.0569285,1
1374,1001,-0.1005076,0.01715,0.0027453,1.0,0.0,1341,3,0.0156177,1,69.0,93.0,0.0286786,0.0027453,47.0,0.0665538,3.2797387,0.000999,0.0357895,1
587,310,-0.7267553,0.03963,0.012256,1.0,4.0,369,5,0.3461652,1,3.0,4.0,0.004802,0.012256,2.0,0.0076764,543984.700279,0.0032258,0.4090171,1
412,301,-0.1012989,0.07435,0.0091251,1.0,0.0,369,3,0.0565891,1,28.0,38.0,0.0455999,0.0091251,19.0,0.0433966,3.4028431,0.0033223,0.0709391,1
106,100,-0.0913032,0.0,0.0214141,1.0,0.0,106,2,0.0,1,20.0,28.0,0.094195,0.0214141,14.0,0.0,2.4753178,0.01,0.1022231,1
12280,1002,-0.4441991,0.36585,0.0244865,14.0,553.0,63245,48,0.5476196,1,3.0,5.0,0.0015453,0.0244865,3.0,0.0182453,1.9612691378e+42,0.000998,0.3999502,1
632,500,-0.0744366,0.06412,0.0050661,1.0,0.0,577,3,0.0486,1,27.0,34.0,0.0294834,0.0050661,20.0,0.0342912,3.1023247,0.002,0.0650232,1
1325,1000,0.0192917,0.14806,0.0026527,1.0,0.0,1094,6,0.0803149,1,56.0,72.0,0.0240247,0.0026527,36.0,0.0447301,6.2955936,0.001,0.0425115,1
5085,1036,-0.4419971,0.1514,0.0094846,5.0,48.0,4211,13,0.4048919,1,5.0,8.0,0.0019695,0.0094846,4.0,0.0190601,1.11350779658e+17,0.0009653,0.335653,1
458,353,-0.9460753,0.006,0.0073719,1.0,0.0,351,3,0.297475,1,3.0,4.0,0.0034949,0.0073719,2.0,0.0100546,423913.262819,0.0028329,0.4525868,1
1259,1001,0.0834514,0.03511,0.0025155,1.0,0.0,1200,3,0.0187907,1,45.0,61.0,0.0168844,0.0025155,31.0,0.0105804,3.0599865,0.000999,0.0596039,1
110,111,-1.0,0.0,0.018018,1.0,0.0,110,2,0.0,1,1.0,2.0,0.009009,0.018018,1.0,0.0,324.274739,0.009009,0.506767,1
1269,547,-0.8070187,0.02213,0.0084979,2.0,6.0,777,5,0.4399589,1,3.0,4.0,0.0025998,0.0084979,3.0,0.0104092,6613295190.6,0.0018282,0.4197414,1
333,300,-0.0518437,0.01951,0.0074247,1.0,0.0,325,3,0.0117778,1,36.0,47.0,0.054363,0.0074247,24.0,0.0036331,2.6836378,0.0033333,0.0613038,1
119,101,-0.2096651,0.09796,0.0235644,1.0,0.0,104,3,0.0643564,1,16.0,22.0,0.0792279,0.0235644,11.0,0.0196031,3.0056283,0.009901,0.1178338,1
2554,2000,-0.0914801,0.07158,0.0012776,1.0,0.0,2317,3,0.05115,1,65.0,88.0,0.015617,0.0012776,44.0,0.0388215,3.1058647,0.0005,0.0322357,1
1242,1000,-0.1381443,0.06854,0.0024865,1.0,0.0,1132,3,0.0586333,1,44.0,57.0,0.0241202,0.0024865,29.0,0.0377566,3.0132895,0.001,0.0411656,1
661,500,-0.0346889,0.08517,0.0052986,1.0,0.0,591,3,0.0616,1,42.0,56.0,0.0378847,0.0052986,28.0,0.0565419,3.295869,0.002,0.0528544,1
378,300,-0.1711206,0.03362,0.0084281,1.0,0.0,361,3,0.0192222,1,26.0,34.0,0.0421435,0.0084281,17.0,0.0561678,3.070691,0.0033333,0.0763453,1
113,100,-0.3988069,0.02381,0.0228283,1.0,0.0,109,3,0.0211429,1,16.0,22.0,0.0761822,0.0228283,11.0,0.0135912,2.8594046,0.01,0.1213046,1
339,300,-0.3256605,0.02791,0.0075585,1.0,0.0,323,3,0.0250476,1,17.0,24.0,0.0286333,0.0075585,12.0,0.0071585,2.9649978,0.0033333,0.1088754,1
1157,513,-0.6734035,0.04966,0.00881,2.0,6.0,663,7,0.3765605,1,4.0,6.0,0.0036884,0.00881,3.0,0.0135017,24695043.7821,0.0019493,0.3544375,1
120,100,-0.1941848,0.04054,0.0242424,1.0,0.0,114,3,0.0283333,1,14.0,19.0,0.0731952,0.0242424,10.0,0.0310862,2.8557597,0.01,0.1258818,1
1400,1001,-0.1524921,0.04888,0.0027972,1.0,0.0,1302,3,0.0451548,1,44.0,59.0,0.0220455,0.0027972,30.0,0.0706859,3.4130531,0.000999,0.0449576,1
2853,2001,0.0128332,0.04481,0.0014258,1.0,0.0,2665,3,0.0388472,1,74.0,91.0,0.0184778,0.0014258,46.0,0.0645911,3.4916351,0.0004998,0.0273634,1
2695,2002,-0.0618491,0.03701,0.0013455,1.0,0.0,2556,3,0.0304695,1,71.0,93.0,0.0170423,0.0013455,47.0,0.0517292,3.2497023,0.0004995,0.0292859,1
631,501,-0.1766711,0.06749,0.0050379,1.0,0.0,578,3,0.047505,1,47.0,62.0,0.0428053,0.0050379,31.0,0.041229,3.0787051,0.001996,0.0468015,1
593,500,-0.0884601,0.03617,0.0047535,1.0,0.0,564,3,0.0217143,1,39.0,54.0,0.0350786,0.0047535,27.0,0.0144121,2.9271712,0.002,0.0574395,1
12646,2003,-0.1328925,0.2491,0.0063072,6.0,99.0,14122,22,0.4129739,1,6.0,9.0,0.0012206,0.0063072,5.0,0.038947,7.4146618359e+23,0.0004993,0.2959872,1
688,500,-0.2035032,0.14342,0.005515,1.0,0.0,514,4,0.1705021,1,15.0,20.0,0.0156121,0.005515,11.0,0.0501332,4.9236697,0.002,0.1186352,1
117,101,-0.173044,0.07895,0.0231683,1.0,0.0,105,3,0.0561056,1,20.0,26.0,0.0948955,0.0231683,13.0,0.0268344,2.8846789,0.009901,0.0995279,1
351,300,-0.1230047,0.06019,0.0078261,1.0,0.0,327,3,0.0387778,1,53.0,68.0,0.0812366,0.0078261,34.0,0.0154319,2.8337112,0.0033333,0.0414925,1
196,105,-0.5050368,0.07749,0.0358974,2.0,4.0,125,5,0.3101503,1,3.0,4.0,0.0110121,0.0358974,2.0,0.0814838,1610.5619286,0.0095238,0.4752916,1
2611,2000,-0.1832801,0.07608,0.0013062,1.0,0.0,2295,4,0.0683264,1,48.0,62.0,0.0086823,0.0013062,31.0,0.0358061,3.8873068,0.0005,0.0569285,1
1374,1001,-0.1005076,0.01715,0.0027453,1.0,0.0,1341,3,0.0156177,1,69.0,93.0,0.0286786,0.0027453,47.0,0.0665538,3.2797387,0.000999,0.0357895,1
587,310,-0.7267553,0.03963,0.012256,1.0,4.0,369,5,0.3461652,1,3.0,4.0,0.004802,0.012256,2.0,0.0076764,543984.700279,0.0032258,0.4090171,1
412,301,-0.1012989,0.07435,0.0091251,1.0,0.0,369,3,0.0565891,1,28.0,38.0,0.0455999,0.0091251,19.0,0.0433966,3.4028431,0.0033223,0.0709391,1
106,100,-0.0913032,0.0,0.0214141,1.0,0.0,106,2,0.0,1,20.0,28.0,0.094195,0.0214141,14.0,0.0,2.4753178,0.01,0.1022231,1
12280,1002,-0.4441991,0.36585,0.0244865,14.0,553.0,63245,48,0.5476196,1,3.0,5.0,0.0015453,0.0244865,3.0,0.0182453,1.9612691378e+42,0.000998,0.3999502,1
632,500,-0.0744366,0.06412,0.0050661,1.0,0.0,577,3,0.0486,1,27.0,34.0,0.0294834,0.0050661,20.0,0.0342912,3.1023247,0.002,0.0650232,1
1325,1000,0.0192917,0.14806,0.0026527,1.0,0.0,1094,6,0.0803149,1,56.0,72.0,0.0240247,0.0026527,36.0,0.0447301,6.2955936,0.001,0.0425115,1
5085,1036,-0.4419971,0.1514,0.0094846,5.0,48.0,4211,13,0.4048919,1,5.0,8.0,0.0019695,0.0094846,4.0,0.0190601,1.11350779658e+17,0.0009653,0.335653,1
458,353,-0.9460753,0.006,0.0073719,1.0,0.0,351,3,0.297475,1,3.0,4.0,0.0034949,0.0073719,2.0,0.0100546,423913.262819,0.0028329,0.4525868,1
1259,1001,0.0834514,0.03511,0.0025155,1.0,0.0,1200,3,0.0187907,1,45.0,61.0,0.0168844,0.0025155,31.0,0.0105804,3.0599865,0.000999,0.0596039,1
110,111,-1.0,0.0,0.018018,1.0,0.0,110,2,0.0,1,1.0,2.0,0.009009,0.018018,1.0,0.0,324.274739,0.009009,0.506767,1
1269,547,-0.8070187,0.02213,0.0084979,2.0,6.0,777,5,0.4399589,1,3.0,4.0,0.0025998,0.0084979,3.0,0.0104092,6613295190.6,0.0018282,0.4197414,1
333,300,-0.0518437,0.01951,0.0074247,1.0,0.0,325,3,0.0117778,1,36.0,47.0,0.054363,0.0074247,24.0,0.0036331,2.6836378,0.0033333,0.0613038,1
119,101,-0.2096651,0.09796,0.0235644,1.0,0.0,104,3,0.0643564,1,16.0,22.0,0.0792279,0.0235644,11.0,0.0196031,3.0056283,0.009901,0.1178338,1
2554,2000,-0.0914801,0.07158,0.0012776,1.0,0.0,2317,3,0.05115,1,65.0,88.0,0.015617,0.0012776,44.0,0.0388215,3.1058647,0.0005,0.0322357,1
1242,1000,-0.1381443,0.06854,0.0024865,1.0,0.0,1132,3,0.0586333,1,44.0,57.0,0.0241202,0.0024865,29.0,0.0377566,3.0132895,0.001,0.0411656,1
661,500,-0.0346889,0.08517,0.0052986,1.0,0.0,591,3,0.0616,1,42.0,56.0,0.0378847,0.0052986,28.0,0.0565419,3.295869,0.002,0.0528544,1
378,300,-0.1711206,0.03362,0.0084281,1.0,0.0,361,3,0.0192222,1,26.0,34.0,0.0421435,0.0084281,17.0,0.0561678,3.070691,0.0033333,0.0763453,1
113,100,-0.3988069,0.02381,0.0228283,1.0,0.0,109,3,0.0211429,1,16.0,22.0,0.0761822,0.0228283,11.0,0.0135912,2.8594046,0.01,0.1213046,1
339,300,-0.3256605,0.02791,0.0075585,1.0,0.0,323,3,0.0250476,1,17.0,24.0,0.0286333,0.0075585,12.0,0.0071585,2.9649978,0.0033333,0.1088754,1
1157,513,-0.6734035,0.04966,0.00881,2.0,6.0,663,7,0.3765605,1,4.0,6.0,0.0036884,0.00881,3.0,0.0135017,24695043.7821,0.0019493,0.3544375,1
120,100,-0.1941848,0.04054,0.0242424,1.0,0.0,114,3,0.0283333,1,14.0,19.0,0.0731952,0.0242424,10.0,0.0310862,2.8557597,0.01,0.1258818,1
1400,1001,-0.1524921,0.04888,0.0027972,1.0,0.0,1302,3,0.0451548,1,44.0,59.0,0.0220455,0.0027972,30.0,0.0706859,3.4130531,0.000999,0.0449576,1
2853,2001,0.0128332,0.04481,0.0014258,1.0,0.0,2665,3,0.0388472,1,74.0,91.0,0.0184778,0.0014258,46.0,0.0645911,3.4916351,0.0004998,0.0273634,1
2695,2002,-0.0618491,0.03701,0.0013455,1.0,0.0,2556,3,0.0304695,1,71.0,93.0,0.0170423,0.0013455,47.0,0.0517292,3.2497023,0.0004995,0.0292859,1
631,501,-0.1766711,0.06749,0.0050379,1.0,0.0,578,3,0.047505,1,47.0,62.0,0.0428053,0.0050379,31.0,0.041229,3.0787051,0.001996,0.0468015,1
593,500,-0.0884601,0.03617,0.0047535,1.0,0.0,564,3,0.0217143,1,39.0,54.0,0.0350786,0.0047535,27.0,0.0144121,2.9271712,0.002,0.0574395,1
12646,2003,-0.1328925,0.2491,0.0063072,6.0,99.0,14122,22,0.4129739,1,6.0,9.0,0.0012206,0.0063072,5.0,0.038947,7.4146618359e+23,0.0004993,0.2959872,1
688,500,-0.2035032,0.14342,0.005515,1.0,0.0,514,4,0.1705021,1,15.0,20.0,0.0156121,0.005515,11.0,0.0501332,4.9236697,0.002,0.1186352,1
117,101,-0.173044,0.07895,0.0231683,1.0,0.0,105,3,0.0561056,1,20.0,26.0,0.0948955,0.0231683,13.0,0.0268344,2.8846789,0.009901,0.0995279,1
351,300,-0.1230047,0.06019,0.0078261,1.0,0.0,327,3,0.0387778,1,53.0,68.0,0.0812366,0.0078261,34.0,0.0154319,2.8337112,0.0033333,0.0414925,1
196,105,-0.5050368,0.07749,0.0358974,2.0,4.0,125,5,0.3101503,1,3.0,4.0,0.0110121,0.0358974,2.0,0.0814838,1610.5619286,0.0095238,0.4752916,1
2611,2000,-0.1832801,0.07608,0.0013062,1.0,0.0,2295,4,0.0683264,1,48.0,62.0,0.0086823,0.0013062,31.0,0.0358061,3.8873068,0.0005,0.0569285,1
1374,1001,-0.1005076,0.01715,0.0027453,1.0,0.0,1341,3,0.0156177,1,69.0,93.0,0.0286786,0.0027453,47.0,0.0665538,3.2797387,0.000999,0.0357895,1
587,310,-0.7267553,0.03963,0.012256,1.0,4.0,369,5,0.3461652,1,3.0,4.0,0.004802,0.012256,2.0,0.0076764,543984.700279,0.0032258,0.4090171,1
412,301,-0.1012989,0.07435,0.0091251,1.0,0.0,369,3,0.0565891,1,28.0,38.0,0.0455999,0.0091251,19.0,0.0433966,3.4028431,0.0033223,0.0709391,1
106,100,-0.0913032,0.0,0.0214141,1.0,0.0,106,2,0.0,1,20.0,28.0,0.094195,0.0214141,14.0,0.0,2.4753178,0.01,0.1022231,1
12280,1002,-0.4441991,0.36585,0.0244865,14.0,553.0,63245,48,0.5476196,1,3.0,5.0,0.0015453,0.0244865,3.0,0.0182453,1.9612691378e+42,0.000998,0.3999502,1
632,500,-0.0744366,0.06412,0.0050661,1.0,0.0,577,3,0.0486,1,27.0,34.0,0.0294834,0.0050661,20.0,0.0342912,3.1023247,0.002,0.0650232,1
1325,1000,0.0192917,0.14806,0.0026527,1.0,0.0,1094,6,0.0803149,1,56.0,72.0,0.0240247,0.0026527,36.0,0.0447301,6.2955936,0.001,0.0425115,1
5085,1036,-0.4419971,0.1514,0.0094846,5.0,48.0,4211,13,0.4048919,1,5.0,8.0,0.0019695,0.0094846,4.0,0.0190601,1.11350779658e+17,0.0009653,0.335653,1
458,353,-0.9460753,0.006,0.0073719,1.0,0.0,351,3,0.297475,1,3.0,4.0,0.0034949,0.0073719,2.0,0.0100546,423913.262819,0.0028329,0.4525868,1
1259,1001,0.0834514,0.03511,0.0025155,1.0,0.0,1200,3,0.0187907,1,45.0,61.0,0.0168844,0.0025155,31.0,0.0105804,3.0599865,0.000999,0.0596039,1
110,111,-1.0,0.0,0.018018,1.0,0.0,110,2,0.0,1,1.0,2.0,0.009009,0.018018,1.0,0.0,324.274739,0.009009,0.506767,1
1269,547,-0.8070187,0.02213,0.0084979,2.0,6.0,777,5,0.4399589,1,3.0,4.0,0.0025998,0.0084979,3.0,0.0104092,6613295190.6,0.0018282,0.4197414,1
333,300,-0.0518437,0.01951,0.0074247,1.0,0.0,325,3,0.0117778,1,36.0,47.0,0.054363,0.0074247,24.0,0.0036331,2.6836378,0.0033333,0.0613038,1
119,101,-0.2096651,0.09796,0.0235644,1.0,0.0,104,3,0.0643564,1,16.0,22.0,0.0792279,0.0235644,11.0,0.0196031,3.0056283,0.009901,0.1178338,1
2554,2000,-0.0914801,0.07158,0.0012776,1.0,0.0,2317,3,0.05115,1,65.0,88.0,0.015617,0.0012776,44.0,0.0388215,3.1058647,0.0005,0.0322357,1
1242,1000,-0.1381443,0.06854,0.0024865,1.0,0.0,1132,3,0.0586333,1,44.0,57.0,0.0241202,0.0024865,29.0,0.0377566,3.0132895,0.001,0.0411656,1
661,500,-0.0346889,0.08517,0.0052986,1.0,0.0,591,3,0.0616,1,42.0,56.0,0.0378847,0.0052986,28.0,0.0565419,3.295869,0.002,0.0528544,1
378,300,-0.1711206,0.03362,0.0084281,1.0,0.0,361,3,0.0192222,1,26.0,34.0,0.0421435,0.0084281,17.0,0.0561678,3.070691,0.0033333,0.0763453,1
113,100,-0.3988069,0.02381,0.0228283,1.0,0.0,109,3,0.0211429,1,16.0,22.0,0.0761822,0.0228283,11.0,0.0135912,2.8594046,0.01,0.1213046,1
339,300,-0.3256605,0.02791,0.0075585,1.0,0.0,323,3,0.0250476,1,17.0,24.0,0.0286333,0.0075585,12.0,0.0071585,2.9649978,0.0033333,0.1088754,1
1157,513,-0.6734035,0.04966,0.00881,2.0,6.0,663,7,0.3765605,1,4.0,6.0,0.0036884,0.00881,3.0,0.0135017,24695043.7821,0.0019493,0.3544375,1
120,100,-0.1941848,0.04054,0.0242424,1.0,0.0,114,3,0.0283333,1,14.0,19.0,0.0731952,0.0242424,10.0,0.0310862,2.8557597,0.01,0.1258818,1
1400,1001,-0.1524921,0.04888,0.0027972,1.0,0.0,1302,3,0.0451548,1,44.0,59.0,0.0220455,0.0027972,30.0,0.0706859,3.4130531,0.000999,0.0449576,1
2853,2001,0.0128332,0.04481,0.0014258,1.0,0.0,2665,3,0.0388472,1,74.0,91.0,0.0184778,0.0014258,46.0,0.0645911,3.4916351,0.0004998,0.0273634,1
2695,2002,-0.0618491,0.03701,0.0013455,1.0,0.0,2556,3,0.0304695,1,71.0,93.0,0.0170423,0.0013455,47.0,0.0517292,3.2497023,0.0004995,0.0292859,1
631,501,-0.1766711,0.06749,0.0050379,1.0,0.0,578,3,0.047505,1,47.0,62.0,0.0428053,0.0050379,31.0,0.041229,3.0787051,0.001996,0.0468015,1
593,500,-0.0884601,0.03617,0.0047535,1.0,0.0,564,3,0.0217143,1,39.0,54.0,0.0350786,0.0047535,27.0,0.0144121,2.9271712,0.002,0.0574395,1
12646,2003,-0.1328925,0.2491,0.0063072,6.0,99.0,14122,22,0.4129739,1,6.0,9.0,0.0012206,0.0063072,5.0,0.038947,7.4146618359e+23,0.0004993,0.2959872,1
688,500,-0.2035032,0.14342,0.005515,1.0,0.0,514,4,0.1705021,1,15.0,20.0,0.0156121,0.005515,11.0,0.0501332,4.9236697,0.002,0.1186352,1
117,101,-0.173044,0.07895,0.0231683,1.0,0.0,105,3,0.0561056,1,20.0,26.0,0.0948955,0.0231683,13.0,0.0268344,2.8846789,0.009901,0.0995279,1
351,300,-0.1230047,0.06019,0.0078261,1.0,0.0,327,3,0.0387778,1,53.0,68.0,0.0812366,0.0078261,34.0,0.0154319,2.8337112,0.0033333,0.0414925,1
196,105,-0.5050368,0.07749,0.0358974,2.0,4.0,125,5,0.3101503,1,3.0,4.0,0.0110121,0.0358974,2.0,0.0814838,1610.5619286,0.0095238,0.4752916,1
2611,2000,-0.1832801,0.07608,0.0013062,1.0,0.0,2295,4,0.0683264,1,48.0,62.0,0.0086823,0.0013062,31.0,0.0358061,3.8873068,0.0005,0.0569285,1
1374,1001,-0.1005076,0.01715,0.0027453,1.0,0.0,1341,3,0.0156177,1,69.0,93.0,0.0286786,0.0027453,47.0,0.0665538,3.2797387,0.000999,0.0357895,1
587,310,-0.7267553,0.03963,0.012256,1.0,4.0,369,5,0.3461652,1,3.0,4.0,0.004802,0.012256,2.0,0.0076764,543984.700279,0.0032258,0.4090171,1
412,301,-0.1012989,0.07435,0.0091251,1.0,0.0,369,3,0.0565891,1,28.0,38.0,0.0455999,0.0091251,19.0,0.0433966,3.4028431,0.0033223,0.0709391,1
106,100,-0.0913032,0.0,0.0214141,1.0,0.0,106,2,0.0,1,20.0,28.0,0.094195,0.0214141,14.0,0.0,2.4753178,0.01,0.1022231,1
12280,1002,-0.4441991,0.36585,0.0244865,14.0,553.0,63245,48,0.5476196,1,3.0,5.0,0.0015453,0.0244865,3.0,0.0182453,1.9612691378e+42,0.000998,0.3999502,1
632,500,-0.0744366,0.06412,0.0050661,1.0,0.0,577,3,0.0486,1,27.0,34.0,0.0294834,0.0050661,20.0,0.0342912,3.1023247,0.002,0.0650232,1
1325,1000,0.0192917,0.14806,0.0026527,1.0,0.0,1094,6,0.0803149,1,56.0,72.0,0.0240247,0.0026527,36.0,0.0447301,6.2955936,0.001,0.0425115,1
5085,1036,-0.4419971,0.1514,0.0094846,5.0,48.0,4211,13,0.4048919,1,5.0,8.0,0.0019695,0.0094846,4.0,0.0190601,1.11350779658e+17,0.0009653,0.335653,1
458,353,-0.9460753,0.006,0.0073719,1.0,0.0,351,3,0.297475,1,3.0,4.0,0.0034949,0.0073719,2.0,0.0100546,423913.262819,0.0028329,0.4525868,1
1259,1001,0.0834514,0.03511,0.0025155,1.0,0.0,1200,3,0.0187907,1,45.0,61.0,0.0168844,0.0025155,31.0,0.0105804,3.0599865,0.000999,0.0596039,1
110,111,-1.0,0.0,0.018018,1.0,0.0,110,2,0.0,1,1.0,2.0,0.009009,0.018018,1.0,0.0,324.274739,0.009009,0.506767,1
1269,547,-0.8070187,0.02213,0.0084979,2.0,6.0,777,5,0.4399589,1,3.0,4.0,0.0025998,0.0084979,3.0,0.0104092,6613295190.6,0.0018282,0.4197414,1
333,300,-0.0518437,0.01951,0.0074247,1.0,0.0,325,3,0.0117778,1,36.0,47.0,0.054363,0.0074247,24.0,0.0036331,2.6836378,0.0033333,0.0613038,1
119,101,-0.2096651,0.09796,0.0235644,1.0,0.0,104,3,0.0643564,1,16.0,22.0,0.0792279,0.0235644,11.0,0.0196031,3.0056283,0.009901,0.1178338,1
2554,2000,-0.0914801,0.07158,0.0012776,1.0,0.0,2317,3,0.05115,1,65.0,88.0,0.015617,0.0012776,44.0,0.0388215,3.1058647,0.0005,0.0322357,1
1242,1000,-0.1381443,0.06854,0.0024865,1.0,0.0,1132,3,0.0586333,1,44.0,57.0,0.0241202,0.0024865,29.0,0.0377566,3.0132895,0.001,0.0411656,1
661,500,-0.0346889,0.08517,0.0052986,1.0,0.0,591,3,0.0616,1,42.0,56.0,0.0378847,0.0052986,28.0,0.0565419,3.295869,0.002,0.0528544,1
378,300,-0.1711206,0.03362,0.0084281,1.0,0.0,361,3,0.0192222,1,26.0,34.0,0.0421435,0.0084281,17.0,0.0561678,3.070691,0.0033333,0.0763453,1
113,100,-0.3988069,0.02381,0.0228283,1.0,0.0,109,3,0.0211429,1,16.0,22.0,0.0761822,0.0228283,11.0,0.0135912,2.8594046,0.01,0.1213046,1
339,300,-0.3256605,0.02791,0.0075585,1.0,0.0,323,3,0.0250476,1,17.0,24.0,0.0286333,0.0075585,12.0,0.0071585,2.9649978,0.0033333,0.1088754,1
1157,513,-0.6734035,0.04966,0.00881,2.0,6.0,663,7,0.3765605,1,4.0,6.0,0.0036884,0.00881,3.0,0.0135017,24695043.7821,0.0019493,0.3544375,1
120,100,-0.1941848,0.04054,0.0242424,1.0,0.0,114,3,0.0283333,1,14.0,19.0,0.0731952,0.0242424,10.0,0.0310862,2.8557597,0.01,0.1258818,1
1400,1001,-0.1524921,0.04888,0.0027972,1.0,0.0,1302,3,0.0451548,1,44.0,59.0,0.0220455,0.0027972,30.0,0.0706859,3.4130531,0.000999,0.0449576,1
2853,2001,0.0128332,0.04481,0.0014258,1.0,0.0,2665,3,0.0388472,1,74.0,91.0,0.0184778,0.0014258,46.0,0.0645911,3.4916351,0.0004998,0.0273634,1
2695,2002,-0.0618491,0.03701,0.0013455,1.0,0.0,2556,3,0.0304695,1,71.0,93.0,0.0170423,0.0013455,47.0,0.0517292,3.2497023,0.0004995,0.0292859,1
631,501,-0.1766711,0.06749,0.0050379,1.0,0.0,578,3,0.047505,1,47.0,62.0,0.0428053,0.0050379,31.0,0.041229,3.0787051,0.001996,0.0468015,1
593,500,-0.0884601,0.03617,0.0047535,1.0,0.0,564,3,0.0217143,1,39.0,54.0,0.0350786,0.0047535,27.0,0.0144121,2.9271712,0.002,0.0574395,1
12646,2003,-0.1328925,0.2491,0.0063072,6.0,99.0,14122,22,0.4129739,1,6.0,9.0,0.0012206,0.0063072,5.0,0.038947,7.4146618359e+23,0.0004993,0.2959872,1
688,500,-0.2035032,0.14342,0.005515,1.0,0.0,514,4,0.1705021,1,15.0,20.0,0.0156121,0.005515,11.0,0.0501332,4.9236697,0.002,0.1186352,1
117,101,-0.173044,0.07895,0.0231683,1.0,0.0,105,3,0.0561056,1,20.0,26.0,0.0948955,0.0231683,13.0,0.0268344,2.8846789,0.009901,0.0995279,1
351,300,-0.1230047,0.06019,0.0078261,1.0,0.0,327,3,0.0387778,1,53.0,68.0,0.0812366,0.0078261,34.0,0.0154319,2.8337112,0.0033333,0.0414925,1
196,105,-0.5050368,0.07749,0.0358974,2.0,4.0,125,5,0.3101503,1,3.0,4.0,0.0110121,0.0358974,2.0,0.0814838,1610.5619286,0.0095238,0.4752916,1
2611,2000,-0.1832801,0.07608,0.0013062,1.0,0.0,2295,4,0.0683264,1,48.0,62.0,0.0086823,0.0013062,31.0,0.0358061,3.8873068,0.0005,0.0569285,1
1374,1001,-0.1005076,0.01715,0.0027453,1.0,0.0,1341,3,0.0156177,1,69.0,93.0,0.0286786,0.0027453,47.0,0.0665538,3.2797387,0.000999,0.0357895,1
587,310,-0.7267553,0.03963,0.012256,1.0,4.0,369,5,0.3461652,1,3.0,4.0,0.004802,0.012256,2.0,0.0076764,543984.700279,0.0032258,0.4090171,1
412,301,-0.1012989,0.07435,0.0091251,1.0,0.0,369,3,0.0565891,1,28.0,38.0,0.0455999,0.0091251,19.0,0.0433966,3.4028431,0.0033223,0.0709391,1
106,100,-0.0913032,0.0,0.0214141,1.0,0.0,106,2,0.0,1,20.0,28.0,0.094195,0.0214141,14.0,0.0,2.4753178,0.01,0.1022231,1
12280,1002,-0.4441991,0.36585,0.0244865,14.0,553.0,63245,48,0.5476196,1,3.0,5.0,0.0015453,0.0244865,3.0,0.0182453,1.9612691378e+42,0.000998,0.3999502,1
632,500,-0.0744366,0.06412,0.0050661,1.0,0.0,577,3,0.0486,1,27.0,34.0,0.0294834,0.0050661,20.0,0.0342912,3.1023247,0.002,0.0650232,1
1325,1000,0.0192917,0.14806,0.0026527,1.0,0.0,1094,6,0.0803149,1,56.0,72.0,0.0240247,0.0026527,36.0,0.0447301,6.2955936,0.001,0.0425115,1
5085,1036,-0.4419971,0.1514,0.0094846,5.0,48.0,4211,13,0.4048919,1,5.0,8.0,0.0019695,0.0094846,4.0,0.0190601,1.11350779658e+17,0.0009653,0.335653,1
458,353,-0.9460753,0.006,0.0073719,1.0,0.0,351,3,0.297475,1,3.0,4.0,0.0034949,0.0073719,2.0,0.0100546,423913.262819,0.0028329,0.4525868,1
1259,1001,0.0834514,0.03511,0.0025155,1.0,0.0,1200,3,0.0187907,1,45.0,61.0,0.0168844,0.0025155,31.0,0.0105804,3.0599865,0.000999,0.0596039,1
110,111,-1.0,0.0,0.018018,1.0,0.0,110,2,0.0,1,1.0,2.0,0.009009,0.018018,1.0,0.0,324.274739,0.009009,0.506767,1
1269,547,-0.8070187,0.02213,0.0084979,2.0,6.0,777,5,0.4399589,1,3.0,4.0,0.0025998,0.0084979,3.0,0.0104092,6613295190.6,0.0018282,0.4197414,1
333,300,-0.0518437,0.01951,0.0074247,1.0,0.0,325,3,0.0117778,1,36.0,47.0,0.054363,0.0074247,24.0,0.0036331,2.6836378,0.0033333,0.0613038,1
119,101,-0.2096651,0.09796,0.0235644,1.0,0.0,104,3,0.0643564,1,16.0,22.0,0.0792279,0.0235644,11.0,0.0196031,3.0056283,0.009901,0.1178338,1
2554,2000,-0.0914801,0.07158,0.0012776,1.0,0.0,2317,3,0.05115,1,65.0,88.0,0.015617,0.0012776,44.0,0.0388215,3.1058647,0.0005,0.0322357,1
1242,1000,-0.1381443,0.06854,0.0024865,1.0,0.0,1132,3,0.0586333,1,44.0,57.0,0.0241202,0.0024865,29.0,0.0377566,3.0132895,0.001,0.0411656,1
661,500,-0.0346889,0.08517,0.0052986,1.0,0.0,591,3,0.0616,1,42.0,56.0,0.0378847,0.0052986,28.0,0.0565419,3.295869,0.002,0.0528544,1
378,300,-0.1711206,0.03362,0.0084281,1.0,0.0,361,3,0.0192222,1,26.0,34.0,0.0421435,0.0084281,17.0,0.0561678,3.070691,0.0033333,0.0763453,1
113,100,-0.3988069,0.02381,0.0228283,1.0,0.0,109,3,0.0211429,1,16.0,22.0,0.0761822,0.0228283,11.0,0.0135912,2.8594046,0.01,0.1213046,1
