0.857142857143,1
0.857142857143,2
0.877551020408,3
0.709183673469,4
0.857142857143,5
0.852040816327,6
0.826530612245,7
0.780612244898,8
0.770408163265,9
0.816326530612,10
0.873096446701,11
0.857142857143,12
0.857142857143,13
0.801020408163,14
0.841836734694,15
0.775510204082,16
0.668367346939,17
0.826530612245,18
0.867346938776,19
0.832487309645,20
0.802030456853,21
0.387755102041,22
0.831632653061,23
0.817258883249,24
0.857868020305,25
0.852040816327,26
0.826530612245,27
0.862244897959,28
0.423469387755,29
0.857868020305,30
0.515306122449,31
0.598984771574,32
0.826530612245,33
0.494897959184,34
0.832487309645,35
0.857142857143,36
0.607142857143,37
0.780612244898,38
0.755102040816,39
0.795918367347,40
0.877551020408,41
0.535714285714,42
0.438775510204,43
0.545918367347,44
0.780612244898,45
0.857142857143,46
0.719387755102,47
0.847715736041,48
0.821428571429,49
0.80612244898,50
