0.80612244898,1
0.637755102041,2
0.836734693878,3
0.336734693878,4
0.842639593909,5
0.89847715736,6
0.852040816327,7
0.836734693878,8
0.744897959184,9
0.801020408163,10
0.887755102041,11
0.744897959184,12
0.413265306122,13
0.852040816327,14
0.65306122449,15
0.841836734694,16
0.862244897959,17
0.673469387755,18
0.867346938776,19
0.887755102041,20
0.836734693878,21
0.821428571429,22
0.709183673469,23
0.872448979592,24
0.852040816327,25
0.877551020408,26
0.857142857143,27
0.770408163265,28
0.877551020408,29
0.897959183673,30
0.867346938776,31
0.877551020408,32
0.744897959184,33
0.826530612245,34
0.862244897959,35
0.852040816327,36
0.688775510204,37
0.836734693878,38
0.673469387755,39
0.877551020408,40
0.766497461929,41
0.836734693878,42
0.765306122449,43
0.862244897959,44
0.755102040816,45
0.826530612245,46
0.821428571429,47
0.602040816327,48
0.897959183673,49
0.872448979592,50
0.887755102041,51
0.826530612245,52
0.770408163265,53
0.785714285714,54
0.459183673469,55
0.632653061224,56
0.84693877551,57
0.872448979592,58
0.862244897959,59
0.877551020408,60
0.795918367347,61
0.852040816327,62
0.75,63
0.811224489796,64
0.857142857143,65
0.872448979592,66
0.847715736041,67
0.872448979592,68
0.872448979592,69
0.882653061224,70
0.842639593909,71
0.816326530612,72
0.663265306122,73
0.765306122449,74
0.841836734694,75
0.852040816327,76
0.897959183673,77
0.668367346939,78
0.382653061224,79
0.680203045685,80
0.84693877551,81
0.887755102041,82
0.867346938776,83
0.530612244898,84
0.658163265306,85
0.705583756345,86
0.786802030457,87
0.80612244898,88
0.868020304569,89
0.878172588832,90
0.857868020305,91
0.817258883249,92
0.862944162437,93
0.84693877551,94
0.892857142857,95
0.826530612245,96
0.892857142857,97
0.826530612245,98
0.888324873096,99
0.867346938776,100
0.841836734694,101
0.746192893401,102
0.892857142857,103
0.831632653061,104
0.882653061224,105
0.827411167513,106
0.775510204082,107
0.827411167513,108
0.873096446701,109
0.872448979592,110
0.736040609137,111
0.760204081633,112
0.770408163265,113
0.857142857143,114
0.867346938776,115
0.892857142857,116
0.785714285714,117
0.827411167513,118
0.862244897959,119
0.862244897959,120
0.821428571429,121
0.540816326531,122
0.479591836735,123
0.857142857143,124
0.842639593909,125
0.821428571429,126
0.724489795918,127
0.872448979592,128
0.862944162437,129
0.836734693878,130
0.84693877551,131
0.867346938776,132
0.795918367347,133
0.888324873096,134
0.841836734694,135
0.581632653061,136
0.609137055838,137
0.857868020305,138
0.872448979592,139
0.852040816327,140
0.842639593909,141
0.744897959184,142
0.831632653061,143
0.842639593909,144
0.913265306122,145
0.892857142857,146
0.658163265306,147
0.857142857143,148
0.852040816327,149
0.724489795918,150
0.836734693878,151
0.862244897959,152
0.882653061224,153
0.392857142857,154
0.867346938776,155
0.520408163265,156
0.852040816327,157
0.852791878173,158
0.739795918367,159
0.887755102041,160
0.872448979592,161
0.75,162
0.836734693878,163
0.301020408163,164
0.663265306122,165
0.857142857143,166
0.852040816327,167
0.897959183673,168
0.862244897959,169
0.770408163265,170
0.683673469388,171
0.852040816327,172
0.852040816327,173
0.836734693878,174
0.65306122449,175
0.872448979592,176
0.837563451777,177
0.811224489796,178
0.882653061224,179
0.868020304569,180
0.852040816327,181
0.647959183673,182
0.883248730964,183
0.761421319797,184
0.826530612245,185
0.80612244898,186
0.857142857143,187
0.878172588832,188
0.688775510204,189
0.741116751269,190
0.795918367347,191
0.801020408163,192
0.770408163265,193
0.862244897959,194
0.714285714286,195
0.790816326531,196
0.811224489796,197
0.639593908629,198
0.877551020408,199
0.841836734694,200
