0.801020408163,1
0.872448979592,2
0.629441624365,3
0.887755102041,4
0.811224489796,5
0.841836734694,6
0.857868020305,7
0.724489795918,8
0.92385786802,9
0.857142857143,10
0.877551020408,11
0.649746192893,12
0.872448979592,13
0.836734693878,14
0.857142857143,15
0.841836734694,16
0.852040816327,17
0.841836734694,18
0.836734693878,19
0.852040816327,20
0.84693877551,21
0.857142857143,22
0.836734693878,23
0.658163265306,24
0.857142857143,25
0.362244897959,26
0.836734693878,27
0.418367346939,28
0.80612244898,29
0.877551020408,30
0.918367346939,31
0.670050761421,32
0.887755102041,33
0.821428571429,34
0.80612244898,35
0.841836734694,36
0.908163265306,37
0.862244897959,38
0.709183673469,39
0.811224489796,40
0.836734693878,41
0.841836734694,42
0.862244897959,43
0.586734693878,44
0.882653061224,45
0.775510204082,46
0.827411167513,47
0.857868020305,48
0.84693877551,49
0.786802030457,50
0.908163265306,51
0.867346938776,52
0.903553299492,53
0.494897959184,54
0.812182741117,55
0.877551020408,56
0.90306122449,57
0.765306122449,58
0.816326530612,59
0.841836734694,60
0.892857142857,61
0.867346938776,62
0.872448979592,63
0.857868020305,64
0.857142857143,65
0.897959183673,66
0.90306122449,67
0.913705583756,68
0.812182741117,69
0.862244897959,70
0.90306122449,71
0.841836734694,72
0.739795918367,73
0.522842639594,74
0.862244897959,75
0.84693877551,76
0.654822335025,77
0.821428571429,78
0.714285714286,79
0.90306122449,80
0.75,81
0.84693877551,82
0.811224489796,83
0.755102040816,84
0.607142857143,85
0.868020304569,86
0.84693877551,87
0.862244897959,88
0.801020408163,89
0.841836734694,90
0.811224489796,91
0.84693877551,92
0.760204081633,93
0.627551020408,94
0.857142857143,95
0.90306122449,96
0.781725888325,97
0.872448979592,98
0.647959183673,99
0.862944162437,100
