0.727735368957,1
0.854961832061,2
0.81679389313,3
0.704834605598,4
0.834605597964,5
0.781725888325,6
0.824427480916,7
0.839694656489,8
0.751269035533,9
0.854961832061,10
0.888040712468,11
0.89058524173,12
0.860050890585,13
0.829949238579,14
0.773536895674,15
0.821882951654,16
0.87786259542,17
0.885496183206,18
0.582697201018,19
0.182741116751,20
0.832061068702,21
0.821882951654,22
0.793893129771,23
0.801526717557,24
0.875318066158,25
0.847328244275,26
0.312977099237,27
0.824427480916,28
0.857506361323,29
0.862595419847,30
0.888040712468,31
0.788804071247,32
0.806615776081,33
0.629441624365,34
0.888040712468,35
0.679389312977,36
0.791348600509,37
0.832061068702,38
0.867684478372,39
0.821882951654,40
0.814249363868,41
0.852417302799,42
0.819796954315,43
0.870229007634,44
0.865139949109,45
0.880407124682,46
0.850253807107,47
0.671755725191,48
0.793893129771,49
0.636132315522,50
0.493638676845,51
0.809160305344,52
0.322335025381,53
0.849872773537,54
0.793893129771,55
0.860050890585,56
0.839694656489,57
0.643765903308,58
0.839694656489,59
0.893401015228,60
0.82951653944,61
0.849872773537,62
0.801526717557,63
0.636132315522,64
0.852417302799,65
0.870229007634,66
0.865139949109,67
0.81679389313,68
0.890862944162,69
0.89058524173,70
0.814249363868,71
0.52417302799,72
0.819796954315,73
0.895674300254,74
0.60152284264,75
0.564885496183,76
0.740458015267,77
0.807106598985,78
0.532994923858,79
0.427480916031,80
0.837150127226,81
0.875318066158,82
0.763358778626,83
0.844783715013,84
0.834605597964,85
0.849872773537,86
0.776081424936,87
0.778625954198,88
0.832061068702,89
0.776081424936,90
0.860050890585,91
0.804071246819,92
0.806615776081,93
0.712468193384,94
0.506361323155,95
0.654822335025,96
0.531806615776,97
0.615776081425,98
0.811704834606,99
0.519083969466,100
