#Size Order Assortativity Transitivity Degree Coreness Number_Triangles Number_Cliques Clique_Number Clustering Edge_connectivity Eccentricity Diameter Closeness Betweeness Density Radius Square_clust Communicability Ave_Node_conn Pagerank 
101,226,-0.05,0.0,0.04475,2.0,0.0,81,2,0.0,0,11.0,16,0.04011,0.00019,0.0223762376238,7,0.3024,3.54049,0.021,0.0099
93,218,0.01,0.041,0.05096,2.0,0.0,77,3,0.005,0,3.0,4,0.0462,0.00043,0.0254791958859,2,0.30895,3.92904,0.04,0.01075
40,116,-0.317,0.0,0.14872,2.0,0.0,39,2,0.0,0,5.0,7,0.26612,0.04642,0.074358974359,4,1.06833,9.4084,0.819,0.025
123,300,-0.127,0.003,0.03998,2.0,0.0,105,2,0.0,0,13.0,18,0.04365,0.00042,0.0199920031987,10,0.47369,4.39219,0.038,0.00813
103,249,0.104,0.012,0.0474,2.0,0.0,84,2,0.0,0,9.0,13,0.06935,0.00109,0.0237007424329,7,0.37123,3.79876,0.045,0.00971
42,91,-0.048,0.0,0.10569,2.0,0.0,36,2,0.0,0,3.0,4,0.07072,0.00049,0.0528455284553,3,0.43821,3.51182,0.038,0.02381
76,-,-0.098,0.057,0.04702,1.0,0.0,74,3,0.08,1,16.0,20,0.13073,-,0.0470175438596,-,0.42139,6.0071,1.064,0.01316
86,199,-0.065,0.0,0.05445,2.0,0.0,72,2,0.0,0,4.0,5,0.04308,0.001,0.0272229822161,3,0.43536,4.41724,0.062,0.01163
88,205,-0.059,0.014,0.05355,2.0,0.0,77,2,0.0,0,4.0,6,0.04709,0.00098,0.026776384535,3,0.51453,4.114,0.055,0.01136
114,272,-0.066,0.018,0.04223,2.0,0.0,98,3,0.019,0,6.0,8,0.04189,0.00126,0.021114733737,4,0.52313,4.47689,0.068,0.00877
50,129,-0.093,0.0,0.10531,2.0,0.0,42,2,0.0,0,6.0,8,0.12294,0.01145,0.0526530612245,4,0.37044,5.00669,0.242,0.02
75,178,0.232,0.0,0.06414,2.0,0.0,61,2,0.0,0,7.0,9,0.07095,0.00403,0.0320720720721,5,0.349,4.19975,0.109,0.01333
45,113,-0.139,0.0,0.11414,2.0,0.0,39,2,0.0,0,4.0,6,0.12009,0.0097,0.0570707070707,3,0.64146,5.43767,0.237,0.02222
79,196,-0.055,0.02,0.06362,2.0,0.0,67,3,0.017,0,5.0,7,0.05912,0.00318,0.0318078545927,4,0.72235,5.30845,0.123,0.01266
54,128,-0.044,0.015,0.08945,2.0,0.0,46,2,0.0,0,5.0,7,0.07819,0.00423,0.0447239692523,4,0.56963,4.32127,0.114,0.01852
67,162,-0.144,0.019,0.07327,2.0,0.0,57,2,0.0,0,5.0,6,0.07912,0.00191,0.0366350067843,3,0.38065,4.31049,0.09,0.01493
60,-,-0.004,0.031,0.06045,1.0,0.0,58,3,0.017,1,25.0,34,0.08245,-,0.0604519774011,-,0.33007,5.47528,1.002,0.01667
52,113,-0.038,0.0,0.08522,2.0,0.0,43,2,0.0,0,5.0,8,0.06648,0.00059,0.0426093514329,3,0.42949,3.65392,0.047,0.01923
20,38,-0.153,0.0,0.2,1.0,0.0,19,2,0.0,0,1.0,2,0.13979,0.00439,0.1,1,0.025,2.94201,0.111,0.05
91,214,0.06,0.0,0.05226,2.0,0.0,71,2,0.0,0,11.0,16,0.06387,0.00033,0.0261294261294,8,0.47395,3.92052,0.031,0.01099
72,-,-0.038,0.032,0.05203,1.0,0.0,75,3,0.01,1,18.0,22,0.10685,-,0.052034428795,-,0.39773,6.29099,1.029,0.01389
76,173,-0.039,0.0,0.0607,2.0,0.0,62,2,0.0,0,10.0,12,0.05332,0.00048,0.030350877193,9,0.47305,3.90724,0.042,0.01316
69,-,-0.041,0.0,0.04348,1.0,0.0,72,2,0.0,1,21.0,28,0.09322,-,0.0434782608696,-,0.0801,4.0003,1.21,0.01449
129,281,-0.054,0.0,0.03404,2.0,0.0,105,2,0.0,0,9.0,10,0.03061,0.00015,0.0170179263566,9,0.48773,3.68863,0.021,0.00775
24,54,-0.219,0.0,0.19565,2.0,0.0,19,2,0.0,0,1.0,2,0.1298,0.00329,0.0978260869565,1,0.17708,3.65385,0.116,0.04167
56,149,-0.077,0.075,0.09675,2.0,0.0,48,3,0.044,0,6.0,9,0.11738,0.00349,0.0483766233766,5,0.65576,5.24019,0.126,0.01786
75,-,0.056,0.034,0.05009,1.0,0.0,77,3,0.026,1,14.0,18,0.14447,-,0.0500900900901,-,0.24211,5.87411,1.143,0.01333
45,103,0.125,0.0,0.10404,2.0,0.0,38,2,0.0,0,8.0,10,0.08262,0.00117,0.0520202020202,7,0.40516,3.81823,0.06,0.02222
38,99,-0.19,0.038,0.14083,2.0,0.0,31,3,0.031,0,3.0,4,0.13665,0.00383,0.0704125177809,2,0.55993,5.24662,0.148,0.02632
85,-,-0.115,0.013,0.0451,1.0,0.0,87,3,0.014,1,11.0,15,0.15807,-,0.0450980392157,-,0.3704,6.37205,1.086,0.01176
82,209,0.19,0.047,0.06293,2.0,0.0,69,2,0.0,0,7.0,10,0.07167,0.00435,0.0314664257754,5,0.48622,4.55806,0.113,0.0122
84,204,-0.138,0.014,0.05852,2.0,0.0,71,2,0.0,0,10.0,13,0.04626,0.00073,0.0292598967298,8,0.53526,4.46461,0.05,0.0119
49,117,0.153,0.0,0.09949,2.0,0.0,45,2,0.0,0,6.0,8,0.10231,0.01426,0.0497448979592,4,0.36112,4.67994,0.269,0.02041
46,115,-0.252,0.0,0.11111,2.0,0.0,41,2,0.0,0,12.0,17,0.14805,0.00692,0.0555555555556,8,0.37693,4.44691,0.172,0.02174
65,158,-0.053,0.0,0.07596,2.0,0.0,53,2,0.0,0,3.0,4,0.08349,0.00168,0.0379807692308,2,0.46156,4.9962,0.098,0.01538
49,136,0.056,0.04,0.11565,2.0,0.0,43,2,0.0,0,9.0,12,0.12956,0.04223,0.0578231292517,6,0.61377,5.44902,0.461,0.02041
31,79,-0.223,0.0,0.16989,2.0,0.0,27,2,0.0,0,3.0,4,0.20584,0.00482,0.0849462365591,2,1.24848,5.6811,0.183,0.03226
47,130,0.008,0.115,0.12026,2.0,0.0,40,3,0.089,0,4.0,5,0.13184,0.00678,0.0601295097132,3,0.55609,7.06184,0.227,0.02128
120,287,-0.01,0.004,0.0402,2.0,0.0,102,2,0.0,0,5.0,7,0.03482,0.00049,0.0200980392157,4,0.56965,4.36956,0.04,0.00833
57,155,-0.044,0.034,0.09712,2.0,0.0,50,3,0.037,0,9.0,14,0.1121,0.01419,0.0485588972431,6,0.6309,5.49885,0.261,0.01754
66,158,-0.08,0.0,0.07366,2.0,0.0,55,2,0.0,0,5.0,7,0.0766,0.00167,0.0368298368298,4,0.70809,4.5965,0.079,0.01515
103,247,-0.011,0.0,0.04702,2.0,0.0,84,2,0.0,0,12.0,14,0.04744,0.00023,0.0235103750238,9,0.52649,4.19428,0.028,0.00971
118,278,-0.049,0.0,0.04027,2.0,0.0,90,2,0.0,0,46.0,56,0.0405,0.00022,0.0201361726785,43,0.57053,4.09004,0.026,0.00847
116,283,-0.008,0.022,0.04243,2.0,0.0,93,2,0.0,0,10.0,13,0.04934,0.00031,0.0212143928036,7,0.37138,4.08453,0.032,0.00862
83,195,-0.18,0.0,0.0573,2.0,0.0,71,2,0.0,0,1.0,2,0.05084,0.00065,0.0286511901264,1,0.37089,4.23758,0.051,0.01205
53,132,-0.07,0.02,0.09579,2.0,0.0,47,2,0.0,0,15.0,18,0.09839,0.00226,0.0478955007257,13,0.55474,4.78166,0.095,0.01887
81,182,-0.114,0.0,0.05617,2.0,0.0,67,2,0.0,0,30.0,36,0.05554,0.00043,0.0280864197531,27,0.46589,3.63928,0.032,0.01235
89,214,-0.054,0.0,0.05465,2.0,0.0,75,2,0.0,0,12.0,16,0.05286,0.00099,0.0273237997957,9,0.46221,4.4389,0.06,0.01124
49,121,-0.027,0.005,0.10289,2.0,0.0,44,2,0.0,0,5.0,7,0.14029,0.00807,0.0514455782313,4,0.5595,4.96263,0.206,0.02041
143,-,0.068,0.12,0.02571,1.0,0.0,149,4,0.094,1,35.0,46,0.06369,-,0.0257066876785,-,0.2809,6.05396,1.038,0.00699
64,171,-0.075,0.008,0.08482,2.0,0.0,55,2,0.0,0,9.0,12,0.13128,0.00318,0.0424107142857,6,0.34168,4.46597,0.106,0.01563
33,68,-0.085,0.0,0.12879,2.0,0.0,27,2,0.0,0,1.0,2,0.09441,0.00073,0.0643939393939,1,0.51515,3.26906,0.049,0.0303
36,87,0.172,0.073,0.1381,2.0,0.0,30,3,0.035,0,4.0,5,0.095,0.00663,0.0690476190476,3,0.52775,4.6902,0.157,0.02778
122,288,-0.097,0.014,0.03902,2.0,0.0,106,2,0.0,0,6.0,7,0.04606,0.0004,0.0195095515513,5,0.29959,3.85601,0.036,0.0082
104,231,0.014,0.0,0.04313,2.0,0.0,84,2,0.0,0,30.0,42,0.05546,0.00016,0.0215646004481,23,0.43983,3.71546,0.022,0.00962
40,90,0.067,0.0,0.11538,2.0,0.0,33,2,0.0,0,3.0,4,0.07997,0.00263,0.0576923076923,2,0.40234,3.90742,0.079,0.025
59,143,-0.255,0.0,0.08358,2.0,0.0,48,2,0.0,0,12.0,18,0.15087,0.00059,0.04178842782,9,0.07975,3.62824,0.05,0.01695
86,222,0.024,0.018,0.06074,2.0,0.0,73,3,0.005,0,9.0,14,0.11491,0.00627,0.0303693570451,7,0.38037,4.76606,0.162,0.01163
129,-,-0.034,0.037,0.02737,1.0,0.0,130,3,0.051,1,32.0,42,0.06266,-,0.0273740310078,-,0.37772,5.4756,1.027,0.00775
23,55,-0.275,0.0,0.21739,2.0,0.0,19,2,0.0,0,1.0,2,0.15706,0.00546,0.108695652174,1,0.42236,4.40304,0.17,0.04348
38,105,-0.218,0.0,0.14936,2.0,0.0,37,2,0.0,0,4.0,6,0.15548,0.00905,0.074679943101,3,0.34527,5.84314,0.248,0.02632
107,259,-0.042,0.004,0.04567,2.0,0.0,87,2,0.0,0,7.0,9,0.03812,0.00133,0.0228354787515,5,0.6058,4.5493,0.066,0.00935
61,163,-0.249,0.0,0.08907,2.0,0.0,52,2,0.0,0,5.0,7,0.09936,0.00345,0.0445355191257,4,0.41251,5.25824,0.133,0.01639
86,222,-0.131,0.018,0.06074,2.0,0.0,73,3,0.014,0,13.0,18,0.10695,0.00159,0.0303693570451,8,0.37198,5.02445,0.086,0.01163
55,139,-0.087,0.0,0.0936,2.0,0.0,48,2,0.0,0,6.0,8,0.1146,0.00423,0.0468013468013,4,0.26732,4.63514,0.151,0.01818
87,202,0.017,0.0,0.054,2.0,0.0,70,2,0.0,0,12.0,13,0.05331,0.00063,0.0269981288426,11,0.40264,3.88675,0.038,0.01149
118,279,0.048,0.009,0.04042,2.0,0.0,103,2,0.0,0,41.0,46,0.04561,0.00171,0.0202086049544,37,0.34626,4.19767,0.072,0.00847
69,180,-0.115,0.006,0.07673,2.0,0.0,60,2,0.0,0,4.0,6,0.07094,0.00302,0.0383631713555,3,0.63129,5.81329,0.133,0.01449
102,253,-0.038,0.0,0.04912,2.0,0.0,88,2,0.0,0,4.0,6,0.04941,0.00059,0.0245583381868,3,0.42401,4.41073,0.05,0.0098
118,-,0.001,0.036,0.03187,1.0,0.0,121,3,0.033,1,33.0,43,0.06591,-,0.0318702013617,-,0.38292,6.06984,1.013,0.00847
124,-,-0.037,0.013,0.02793,1.0,0.0,125,3,0.017,1,32.0,43,0.07426,-,0.0279307631786,-,0.38101,5.395,1.026,0.00806
93,227,-0.028,0.0,0.05306,2.0,0.0,80,2,0.0,0,17.0,22,0.07235,0.00106,0.0265310892941,12,0.42293,4.40626,0.064,0.01075
88,229,-0.103,0.022,0.05982,2.0,0.0,77,3,0.015,0,11.0,13,0.06672,0.00198,0.0299111807732,7,0.51375,5.33316,0.101,0.01136
96,228,-0.092,0.0,0.05,2.0,0.0,79,2,0.0,0,6.0,9,0.05322,0.00036,0.025,4,0.49628,4.14575,0.037,0.01042
37,82,-0.104,0.0,0.12312,2.0,0.0,32,2,0.0,0,4.0,5,0.12195,0.00854,0.0615615615616,3,0.24705,3.69419,0.179,0.02703
76,-,0.046,0.04,0.04772,1.0,0.0,78,3,0.038,1,25.0,32,0.08514,-,0.0477192982456,-,0.25683,5.50162,1.035,0.01316
104,251,-0.038,0.031,0.04686,2.0,0.0,85,3,0.013,0,17.0,23,0.05417,0.00061,0.023431665422,13,0.42559,4.11496,0.044,0.00962
38,81,-0.036,0.0,0.11522,2.0,0.0,32,2,0.0,0,3.0,4,0.10205,0.00119,0.0576102418208,3,0.61372,3.73469,0.063,0.02632
41,115,-0.204,0.0,0.14024,2.0,0.0,37,2,0.0,0,6.0,9,0.22118,0.01829,0.0701219512195,4,1.06473,7.20497,0.38,0.02439
55,122,-0.13,0.0,0.08215,2.0,0.0,46,2,0.0,0,5.0,6,0.07043,0.0006,0.0410774410774,3,0.22091,3.47154,0.046,0.01818
121,288,-0.155,0.009,0.03967,2.0,0.0,98,2,0.0,0,5.0,8,0.03673,0.0002,0.0198347107438,4,0.6178,4.14608,0.027,0.00826
19,46,-0.176,0.0,0.26901,2.0,0.0,16,2,0.0,0,8.0,9,0.1978,0.00791,0.134502923977,6,0.73066,4.58904,0.181,0.05263
100,272,-0.142,0.009,0.05495,2.0,0.0,90,2,0.0,0,9.0,14,0.11083,0.00443,0.0274747474747,6,0.4246,5.28799,0.171,0.01
106,262,0.1,0.045,0.04708,2.0,0.0,88,3,0.016,0,17.0,20,0.05685,0.0005,0.0235399820305,14,0.45532,4.13902,0.037,0.00943
72,-,-0.104,0.012,0.05282,1.0,0.0,74,3,0.029,1,20.0,28,0.11079,-,0.0528169014085,-,0.37792,6.76694,1.011,0.01389
100,252,-0.087,0.003,0.05091,2.0,0.0,91,2,0.0,0,7.0,9,0.05285,0.00324,0.0254545454545,5,0.28165,4.61856,0.129,0.01
97,221,0.073,0.0,0.04747,2.0,0.0,78,2,0.0,0,9.0,11,0.05391,0.00055,0.0237328178694,8,0.43366,3.89783,0.039,0.01031
107,265,-0.069,0.0,0.04673,2.0,0.0,88,2,0.0,0,12.0,15,0.06066,0.0007,0.0233644859813,9,0.49303,4.44372,0.046,0.00935
29,71,-0.116,0.0,0.17488,2.0,0.0,24,2,0.0,0,2.0,3,0.1425,0.00529,0.0874384236453,2,0.46839,4.52251,0.15,0.03448
189,-,0.037,0.048,0.02015,1.0,0.0,215,3,0.048,1,20.0,27,0.09746,-,0.0201508499381,-,0.2655,6.46387,1.081,0.00529
61,154,-0.016,0.0,0.08415,2.0,0.0,49,2,0.0,0,15.0,19,0.10513,0.00269,0.0420765027322,14,0.55798,4.73206,0.097,0.01639
111,260,-0.13,0.014,0.04259,2.0,0.0,93,2,0.0,0,5.0,6,0.04944,0.00041,0.021294021294,3,0.25459,3.944,0.039,0.00901
97,-,-0.036,0.019,0.03458,1.0,0.0,97,3,0.022,1,31.0,40,0.0731,-,0.0345790378007,-,0.27185,5.04205,1.034,0.01031
92,229,-0.006,0.003,0.05471,2.0,0.0,76,2,0.0,0,8.0,11,0.08503,0.00095,0.0273530817009,7,0.37048,4.21501,0.055,0.01087
48,102,0.058,0.0,0.09043,2.0,0.0,42,2,0.0,0,3.0,4,0.06725,0.00094,0.0452127659574,2,0.39718,3.53978,0.05,0.02083
112,262,0.023,0.05,0.04215,2.0,0.0,95,3,0.026,0,28.0,32,0.04775,0.00059,0.0210746460746,25,0.57109,4.21335,0.045,0.00893
89,231,-0.181,0.021,0.05899,2.0,0.0,78,3,0.024,0,7.0,10,0.07514,0.00243,0.0294943820225,5,0.70261,5.11438,0.1,0.01124
94,240,0.112,0.066,0.05491,2.0,0.0,79,3,0.004,0,4.0,5,0.04998,0.00111,0.0274536719286,3,0.58989,4.57973,0.066,0.01064
74,167,-0.086,0.0,0.06183,2.0,0.0,60,2,0.0,0,5.0,6,0.05042,0.00104,0.03091447612,3,0.36164,3.8712,0.055,0.01351
102,-,-0.049,0.067,0.03553,1.0,0.0,97,3,0.058,1,29.0,37,0.08321,-,0.03552708212,-,0.40159,6.01862,1.006,0.0098
37,77,-0.082,0.0,0.11562,2.0,0.0,30,2,0.0,0,2.0,3,0.07209,0.00073,0.0578078078078,2,0.45,3.41781,0.045,0.02703
52,-,-0.178,0.0,0.06486,1.0,0.0,51,2,0.0,1,21.0,26,0.09372,-,0.0648567119155,-,0.25923,5.12328,1.0,0.01923
110,269,-0.099,0.0,0.04487,2.0,0.0,90,2,0.0,0,7.0,11,0.05651,0.00068,0.0224353628023,4,0.4715,4.4753,0.049,0.00909
82,232,-0.098,0.002,0.06986,2.0,0.0,75,2,0.0,0,11.0,15,0.13995,0.01306,0.0349292381813,7,0.42352,5.67189,0.294,0.0122
98,229,0.074,0.013,0.04818,2.0,0.0,86,2,0.0,0,11.0,15,0.05644,0.00235,0.0240900483905,8,0.35634,3.99703,0.086,0.0102
59,140,0.142,0.0,0.08182,2.0,0.0,46,2,0.0,0,10.0,12,0.07727,0.00117,0.0409117475161,9,0.46957,4.13073,0.054,0.01695
67,169,-0.226,0.0,0.07644,2.0,0.0,55,2,0.0,0,14.0,20,0.11643,0.00062,0.0382180009046,8,0.29675,4.17853,0.046,0.01493
96,217,0.066,0.019,0.04759,2.0,0.0,74,2,0.0,0,41.0,45,0.04133,0.00022,0.0237938596491,38,0.43101,3.80067,0.026,0.01042
114,266,-0.12,0.0,0.0413,2.0,0.0,90,2,0.0,0,23.0,30,0.05885,0.00026,0.0206489675516,20,0.35382,3.87684,0.029,0.00877
58,146,0.178,0.098,0.08832,2.0,0.0,51,3,0.049,0,5.0,8,0.10626,0.00581,0.0441621294616,4,0.47009,4.86212,0.137,0.01724
107,260,-0.024,0.0,0.04585,2.0,0.0,89,2,0.0,0,5.0,6,0.0428,0.00062,0.0229236466232,3,0.64407,4.46414,0.045,0.00935
43,92,0.083,0.0,0.10188,2.0,0.0,34,2,0.0,0,4.0,5,0.07289,0.00049,0.0509413067553,4,0.25065,3.30325,0.035,0.02326
95,210,-0.049,0.0,0.04703,2.0,0.0,78,2,0.0,0,5.0,7,0.03893,0.00028,0.023516237402,4,0.52934,3.88168,0.03,0.01053
118,281,-0.073,0.004,0.04071,2.0,0.0,94,2,0.0,0,12.0,15,0.04526,0.00017,0.020353469506,9,0.52754,4.05849,0.024,0.00847
116,269,0.008,0.0,0.04033,2.0,0.0,90,2,0.0,0,7.0,10,0.03693,0.00019,0.0201649175412,5,0.36786,3.82168,0.022,0.00862
92,224,0.047,0.074,0.05351,2.0,0.0,75,3,0.036,0,3.0,4,0.04331,0.00056,0.0267558528428,2,0.59986,4.50636,0.049,0.01087
89,203,-0.119,0.0,0.05184,2.0,0.0,71,2,0.0,0,13.0,14,0.04904,0.00057,0.0259193054137,12,0.31432,3.7943,0.041,0.01124
33,79,-0.25,0.0,0.14962,2.0,0.0,29,2,0.0,0,3.0,4,0.11692,0.00587,0.0748106060606,2,0.33066,4.41832,0.161,0.0303
140,-,0.08,0.061,0.02765,1.0,0.0,152,3,0.082,1,33.0,43,0.06323,-,0.0276464542652,-,0.44767,7.24791,1.062,0.00714
