100,100,-0.7428409,0.0,0.020202,1.0,0.0,100,2,0.0,1,8.0,10.0,0.0388971,0.020202,5.0,0.0,3.8004752,0.01,0.2119139,2
100,101,-0.7608503,0.0,0.019802,1.0,0.0,100,2,0.0,1,8.0,10.0,0.0419162,0.019802,5.0,0.0,3.9975951,0.009901,0.1981846,2
101,101,-0.8056163,0.00494,0.02,1.0,0.0,99,3,0.0101222,1,9.0,11.0,0.0451045,0.02,6.0,0.0,3.8498472,0.009901,0.1864763,2
104,101,-0.7566577,0.00414,0.0205941,1.0,0.0,102,3,0.010396,1,6.0,7.0,0.0306691,0.0205941,5.0,0.0103413,4.4507568,0.009901,0.2511884,2
1041,1002,-0.4956049,0.00242,0.0020758,1.0,0.0,1028,3,0.0048538,1,15.0,18.0,0.0077536,0.0020758,12.0,0.0006248,6.2788857,0.000998,0.1157991,2
1048,1001,-0.5771252,0.00107,0.0020939,1.0,0.0,1042,3,0.0024755,1,13.0,19.0,0.006668,0.0020939,10.0,0.0001337,5.5070812,0.000999,0.133211,2
1050,1009,-0.4753665,0.00104,0.0020648,1.0,0.0,1043,3,0.0043711,1,14.0,18.0,0.0071957,0.0020648,10.0,0.0007699,9.9361895,0.0009911,0.1233706,2
107,107,-0.7939796,0.0,0.0188679,1.0,0.0,107,2,0.0,1,5.0,7.0,0.0285748,0.0188679,4.0,0.0,4.4601713,0.0093458,0.2538727,2
1072,1003,-0.6302172,0.00268,0.0021333,1.0,0.0,1058,3,0.0056021,1,12.0,16.0,0.0066166,0.0021333,9.0,0.0047314,4.9954025,0.000997,0.133045,2
108,106,-0.7947468,0.0,0.019407,1.0,0.0,108,2,0.0,1,8.0,10.0,0.0355467,0.019407,5.0,0.0005862,4.3014429,0.009434,0.2196652,2
109,108,-0.8342475,0.0,0.0188647,1.0,0.0,109,2,0.0,1,8.0,11.0,0.0361341,0.0188647,6.0,0.0,3.7082884,0.0092593,0.2119274,2
111,111,-0.5765672,0.0,0.0181818,1.0,0.0,111,2,0.0,1,6.0,8.0,0.0276221,0.0181818,4.0,0.0,7.0069096,0.009009,0.2543015,2
1114,1002,-0.4474188,0.00115,0.0022213,1.0,0.0,1104,3,0.0044048,1,8.0,10.0,0.0048626,0.0022213,7.0,0.0008158,13.1545701,0.000998,0.1729764,2
1154,1010,-0.3379205,0.00054,0.0022648,1.0,0.0,1149,3,0.0030773,1,8.0,11.0,0.00486,0.0022648,6.0,0.0039138,42.4650501,0.0009901,0.1723178,2
1165,1010,-0.3872734,0.00203,0.0022864,1.0,0.0,1150,3,0.0067977,1,8.0,10.0,0.0047917,0.0022864,7.0,0.0035446,38.6890378,0.0009901,0.1741429,2
1172,1003,-0.3377856,0.00833,0.0023323,1.0,0.0,1108,3,0.0425814,1,9.0,11.0,0.0045499,0.0023323,7.0,0.0004407,204.5638038,0.000997,0.1839964,2
130,130,-0.6060875,0.0,0.0155039,1.0,0.0,130,2,0.0,1,6.0,7.0,0.0251686,0.0155039,5.0,0.0,6.2028342,0.0076923,0.2389881,2
1334,1002,-0.4434769,0.00969,0.00266,1.0,0.0,1238,4,0.0468491,1,7.0,9.0,0.0038351,0.00266,5.0,0.0007869,664.2786872,0.000998,0.2117953,2
2154,2006,-0.1371326,0.00047,0.0010711,1.0,0.0,2134,3,0.0056542,1,9.0,13.0,0.0026475,0.0010711,7.0,0.0003537,77039.986201,0.0004985,0.1641806,2
2174,2009,-0.5861575,0.0009,0.0010778,1.0,0.0,2163,3,0.0026831,1,13.0,16.0,0.0036083,0.0010778,10.0,0.0009835,6.9261067,0.0004978,0.1232224,2
2208,2011,-0.6110938,0.00118,0.0010925,1.0,0.0,2192,3,0.0037015,1,11.0,15.0,0.0032892,0.0010925,9.0,0.0032382,7.2132984,0.0004973,0.1328638,2
2219,2003,-0.711861,0.0021,0.0011067,1.0,0.0,2200,3,0.0039174,1,11.0,14.0,0.0033552,0.0011067,9.0,0.0032296,4.8793421,0.0004993,0.1308365,2
2426,2002,-0.4584643,0.00257,0.0012112,1.0,0.0,2387,3,0.0051463,1,8.0,11.0,0.0024543,0.0012112,7.0,0.0009936,12.1628358,0.0004995,0.1709931,2
2703,2002,-0.3391713,0.01006,0.0013495,1.0,0.0,2612,3,0.0158436,1,8.0,11.0,0.0023081,0.0013495,6.0,0.0033771,284.3989191,0.0004995,0.1805958,2
2714,2002,-0.3445464,0.0038,0.001355,1.0,0.0,2647,4,0.0115452,1,8.0,11.0,0.0022634,0.001355,6.0,0.0011077,251.3520287,0.0004995,0.1836586,2
2972,2000,-0.3616641,0.0044,0.0014867,1.0,0.0,2873,3,0.0102039,1,8.0,11.0,0.0022253,0.0014867,6.0,0.001536,3532.9994893,0.0005,0.1871806,2
302,301,-0.7533812,0.0,0.0066888,1.0,0.0,302,2,0.0,1,14.0,19.0,0.0241117,0.0066888,10.0,0.0,3.9696834,0.0033223,0.1254319,2
308,305,-0.4034975,0.0,0.0066437,1.0,0.0,308,2,0.0,1,8.0,11.0,0.0114945,0.0066437,6.0,0.0002352,156.2824781,0,0.2342311,2
310,301,-0.6703072,0.00504,0.006866,1.0,0.0,304,3,0.0140309,1,9.0,12.0,0.0162691,0.006866,7.0,0.0004765,5.0243442,0.0033223,0.1738382,2
313,300,-0.7458102,0.00445,0.0069788,1.0,0.0,307,3,0.0105438,1,9.0,12.0,0.0169286,0.0069788,7.0,0.0004683,4.2256473,0.0033333,0.1677354,2
320,309,-0.6306566,0.00543,0.0067247,1.0,0.0,313,3,0.0143469,1,12.0,16.0,0.0187135,0.0067247,8.0,0.0103332,5.8734364,0.0032362,0.1531137,2
324,302,-0.3230026,0.00561,0.0071286,1.0,0.0,311,3,0.0281204,1,7.0,10.0,0.0131059,0.0071286,6.0,0.0023906,64.8357724,0.0033113,0.2069276,2
325,315,-0.5154879,0.00074,0.0065716,1.0,0.0,323,3,0.0032672,1,12.0,15.0,0.018578,0.0065716,8.0,0.0032601,11.0902495,0,0.1505116,2
326,321,-0.5821372,0.00192,0.0063474,1.0,0.0,323,3,0.0032142,1,13.0,17.0,0.019892,0.0063474,9.0,0.000222,6.5256954,0.0031153,0.1395232,2
402,336,-0.6892998,0.00076,0.0071429,1.0,0.0,397,3,0.0041897,1,7.0,8.0,0.0082314,0.0071429,5.0,0.0042488,139.0489764,0,0.2715745,2
4044,2003,-0.3570161,0.01379,0.002017,2.0,0.0,3681,4,0.0232921,1,7.0,9.0,0.0019321,0.002017,6.0,0.0010813,266960.276385,0.0004993,0.2104244,2
516,507,-0.7505211,0.00167,0.0040227,1.0,0.0,512,3,0.0046948,1,19.0,25.0,0.0166441,0.0040227,13.0,0.0,4.3517133,0.0019724,0.1106928,2
517,513,-0.6268953,0.00146,0.0039367,1.0,0.0,513,3,0.0027478,1,17.0,22.0,0.0169051,0.0039367,12.0,0.0,5.0466825,0.0019493,0.1060119,2
521,503,-0.7397505,0.0015,0.0041266,1.0,0.0,517,3,0.0001827,1,9.0,12.0,0.0105034,0.0041266,7.0,0.0021511,4.8596779,0.0019881,0.1621018,2
522,513,-0.5453981,0.00105,0.0039748,1.0,0.0,518,3,0.0021772,1,14.0,19.0,0.0132262,0.0039748,10.0,0.0001884,8.3187992,0.0019493,0.1336205,2
528,504,-0.300702,0.00196,0.0041655,1.0,0.0,522,3,0.006732,1,9.0,12.0,0.010492,0.0041655,6.0,0.0003303,19.6607893,0.0019841,0.164235,2
539,506,-0.2594043,0.00132,0.0042187,1.0,0.0,534,3,0.0060498,1,8.0,10.0,0.0089108,0.0042187,7.0,0.0003735,30.1617921,0.0019763,0.1857577,2
543,522,-0.363008,0.00096,0.0039932,1.0,0.0,539,3,0.004275,1,9.0,12.0,0.0100487,0.0039932,7.0,0.0001684,14.485954,0.0019157,0.1634829,2
553,508,-0.3447397,0.00111,0.0042942,1.0,0.0,547,3,0.0060085,1,11.0,15.0,0.009818,0.0042942,8.0,0.0039168,54.9330669,0.0019685,0.1740665,2
612,535,-0.3846533,0.0024,0.0042844,1.0,0.0,597,3,0.0105241,1,10.0,13.0,0.0098231,0.0042844,7.0,0.0020762,101.1988584,0.0018692,0.1645464,2
