143,360,-0.016,0.023,0.03546,2.0,0.0,119,3,0.008,0,22.0,27,0.05334,0.00052,0.0177287501231,19,0.46937,4.53609,0.046,0.00699,4
121,322,-0.059,0.055,0.04435,2.0,0.0,105,3,0.044,0,18.0,23,0.0834,0.00344,0.0221763085399,12,0.41073,5.30334,0.141,0.00826,4
126,320,0.069,0.034,0.04063,2.0,0.0,107,3,0.02,0,18.0,24,0.08062,0.00089,0.0203174603175,15,0.34169,4.57953,0.056,0.00794,4
127,302,-0.099,0.009,0.03775,2.0,0.0,104,2,0.0,0,32.0,37,0.03667,0.00023,0.0188726409199,30,0.45423,4.00649,0.029,0.00787,4
107,274,-0.137,0.005,0.04832,2.0,0.0,92,2,0.0,0,6.0,8,0.05293,0.00102,0.024157996826,4,0.57325,5.16358,0.068,0.00935,4
113,297,0.169,0.027,0.04693,2.0,0.0,93,3,0.011,0,6.0,8,0.05454,0.0014,0.0234671302149,4,0.41533,4.60653,0.073,0.00885,4
64,154,0.025,0.043,0.07639,2.0,0.0,55,2,0.0,0,8.0,10,0.07496,0.00223,0.0381944444444,6,0.4883,4.28418,0.083,0.01562,4
111,0,0.009,0.019,0.03407,1.0,0.0,119,3,0.013,1,15.0,20,0.14478,0,0.0340704340704,0,0.28254,6.26039,1.054,0.00901,4
114,263,-0.147,0.0,0.04083,2.0,0.0,95,2,0.0,0,1.0,2,0.03327,0.00025,0.0204160844589,1,0.34347,4.06994,0.033,0.00877,4
142,358,-0.112,0.02,0.03576,2.0,0.0,121,3,0.006,0,12.0,20,0.07417,0.00061,0.0178803316352,10,0.36629,4.42265,0.05,0.00704,4
73,184,-0.025,0.029,0.07002,2.0,0.0,58,3,0.03,0,5.0,7,0.06937,0.00111,0.0350076103501,3,0.53716,4.68375,0.065,0.0137,4
88,229,-0.162,0.013,0.05982,2.0,0.0,75,2,0.0,0,7.0,9,0.09542,0.00141,0.0299111807732,4,0.33004,4.72012,0.089,0.01136,4
141,338,-0.02,0.0,0.03425,2.0,0.0,115,2,0.0,0,12.0,16,0.03936,0.00051,0.0171225937183,9,0.44764,4.21765,0.037,0.00709,4
52,108,0.053,0.0,0.08145,2.0,0.0,41,2,0.0,0,2.0,3,0.05753,0.00051,0.0407239819005,2,0.16566,3.32987,0.039,0.01923,4
50,114,-0.14,0.0,0.09306,2.0,0.0,42,2,0.0,0,4.0,6,0.08862,0.00187,0.0465306122449,3,0.55756,3.97819,0.078,0.02,4
90,208,-0.098,0.017,0.05194,2.0,0.0,75,2,0.0,0,5.0,7,0.04762,0.0005,0.0259675405743,4,0.46737,4.00427,0.043,0.01111,4
137,331,-0.222,0.0,0.03553,2.0,0.0,113,2,0.0,0,17.0,23,0.04978,0.00054,0.0177651352512,13,0.32507,4.14051,0.045,0.0073,4
158,0,-0.071,0.026,0.0233,1.0,0.0,164,3,0.03,1,23.0,29,0.08847,0,0.0233008143191,0,0.38477,5.87404,1.034,0.00633,4
101,251,0.048,0.066,0.0497,2.0,0.0,81,3,0.036,0,5.0,6,0.04066,0.00093,0.0248514851485,3,0.96478,5.00467,0.062,0.0099,4
41,108,-0.256,0.004,0.13171,2.0,0.0,34,2,0.0,0,4.0,6,0.18572,0.00851,0.0658536585366,3,0.66636,4.861,0.211,0.02439,4
44,109,-0.014,0.0,0.11522,2.0,0.0,35,2,0.0,0,3.0,4,0.10472,0.00365,0.0576109936575,2,0.54105,4.74416,0.128,0.02273,4
118,320,-0.05,0.025,0.04636,2.0,0.0,105,3,0.011,0,8.0,12,0.08649,0.0031,0.0231783282631,6,0.50396,5.22332,0.138,0.00847,4
172,0,-0.147,0.018,0.0221,1.0,0.0,189,3,0.031,1,25.0,32,0.08758,0,0.0220998232014,0,0.36418,6.48213,1.123,0.00581,4
76,184,-0.108,0.004,0.06456,2.0,0.0,64,2,0.0,0,4.0,5,0.05656,0.00067,0.0322807017544,2,0.47618,4.30243,0.051,0.01316,4
173,0,0.341,0.236,0.02097,1.0,0.0,184,6,0.063,1,34.0,45,0.06078,0,0.0209705605592,0,0.20665,12.22813,1.046,0.00578,4
64,147,0.045,0.0,0.07292,2.0,0.0,51,2,0.0,0,3.0,4,0.05568,0.00047,0.0364583333333,2,0.49109,3.97786,0.038,0.01563,4
131,302,-0.05,0.0,0.03547,2.0,0.0,107,2,0.0,0,30.0,41,0.04485,0.0002,0.0177334116265,24,0.60101,4.07004,0.025,0.00763,4
34,96,-0.227,0.043,0.17112,2.0,0.0,30,3,0.042,0,4.0,6,0.27666,0.03732,0.0855614973262,3,0.47099,7.03508,0.645,0.02941,4
122,0,-0.029,0.02,0.02913,1.0,0.0,123,3,0.02,1,36.0,47,0.06283,0,0.02912884433,0,0.36823,6.19895,1.018,0.0082,4
86,209,-0.057,0.0,0.05718,2.0,0.0,74,2,0.0,0,5.0,7,0.05313,0.00122,0.0285909712722,4,0.54207,4.62932,0.067,0.01163,4
81,177,-0.154,0.0,0.05463,2.0,0.0,69,2,0.0,0,6.0,8,0.0517,0.00028,0.0273148148148,5,0.43916,3.64953,0.031,0.01235,4
54,128,-0.037,0.01,0.08945,2.0,0.0,43,2,0.0,0,19.0,24,0.07961,0.00046,0.0447239692523,16,0.56825,4.05692,0.041,0.01852,4
111,0,-0.186,0.019,0.0344,1.0,0.0,112,3,0.029,1,18.0,24,0.11035,0,0.034398034398,0,0.46294,6.54757,1.024,0.00901,4
171,450,-0.056,0.022,0.03096,2.0,0.0,153,3,0.012,0,16.0,25,0.05004,0.00141,0.015479876161,11,0.4647,5.36394,0.082,0.00585,4
81,178,0.071,0.008,0.05494,2.0,0.0,68,2,0.0,0,6.0,9,0.04846,0.00035,0.0274691358025,4,0.41781,3.56714,0.029,0.01235,4
64,147,-0.004,0.0,0.07292,2.0,0.0,56,2,0.0,0,7.0,9,0.08911,0.00168,0.0364583333333,5,0.4312,4.48526,0.086,0.01562,4
54,128,-0.022,0.0,0.08945,2.0,0.0,40,2,0.0,0,1.0,2,0.07532,0.00056,0.0447239692523,1,0.69241,4.36829,0.05,0.01852,4
102,274,-0.029,0.003,0.05319,2.0,0.0,86,2,0.0,0,12.0,16,0.11545,0.00102,0.0265967773248,10,0.51064,5.04995,0.071,0.0098,4
104,271,-0.114,0.016,0.0506,2.0,0.0,93,3,0.02,0,6.0,9,0.07157,0.00227,0.0252987303958,4,0.41648,4.98632,0.116,0.00962,4
140,336,-0.03,0.017,0.03453,2.0,0.0,117,3,0.011,0,6.0,8,0.03269,0.00027,0.0172661870504,4,0.28955,4.04849,0.033,0.00714,4
123,277,0.017,0.005,0.03692,2.0,0.0,97,2,0.0,0,5.0,7,0.03104,0.00015,0.0184592829535,4,0.4117,3.69027,0.02,0.00813,4
71,171,-0.253,0.028,0.06881,2.0,0.0,59,3,0.023,0,9.0,12,0.07229,0.00109,0.0344064386318,6,0.27947,3.75081,0.054,0.01408,4
99,228,-0.063,0.0,0.047,2.0,0.0,81,2,0.0,0,8.0,11,0.03996,0.00082,0.0235003092146,6,0.57927,4.15151,0.045,0.0101,4
143,340,-0.049,0.0,0.03349,2.0,0.0,119,2,0.0,0,48.0,53,0.03098,0.00036,0.0167438195607,46,0.62585,4.44546,0.034,0.00699,4
84,191,0.13,0.0,0.05479,2.0,0.0,69,2,0.0,0,17.0,23,0.064,0.00067,0.0273952954676,13,0.34201,3.74547,0.041,0.0119,4
57,174,-0.193,0.0,0.10902,3.0,0.0,59,2,0.0,0,7.0,10,0.19548,0.02514,0.0545112781955,4,0.38384,7.73363,0.588,0.01754,4
31,70,-0.063,0.0,0.15054,2.0,0.0,28,2,0.0,0,5.0,7,0.13004,0.00482,0.0752688172043,3,0.56613,3.97716,0.127,0.03226,4
59,145,-0.156,0.04,0.08475,2.0,0.0,51,3,0.028,0,5.0,6,0.07007,0.00399,0.0423728813559,3,0.67342,4.80987,0.123,0.01695,4
127,316,-0.068,0.017,0.0395,2.0,0.0,106,3,0.013,0,6.0,11,0.03929,0.00067,0.0197475315586,4,0.47818,4.464,0.046,0.00787,4
94,271,-0.188,0.013,0.062,2.0,0.0,83,3,0.022,0,8.0,12,0.17779,0.00357,0.0309997712194,5,0.48559,5.915,0.157,0.01064,4
74,186,-0.069,0.049,0.06886,2.0,0.0,63,3,0.014,0,6.0,8,0.06783,0.00347,0.0344316919659,4,0.65786,4.94278,0.118,0.01351,4
78,187,0.052,0.007,0.06227,2.0,0.0,61,2,0.0,0,4.0,6,0.05785,0.00055,0.0311355311355,3,0.52457,4.19241,0.04,0.01282,4
83,0,0.031,0.077,0.03996,1.0,0.0,85,3,0.075,1,27.0,35,0.08039,0,0.0399647369968,0,0.19218,4.89324,1.095,0.01205,4
63,164,-0.124,0.047,0.08397,2.0,0.0,57,2,0.0,0,6.0,9,0.08416,0.0036,0.041986687148,4,0.25297,4.7756,0.127,0.01587,4
98,257,-0.144,0.008,0.05407,2.0,0.0,87,2,0.0,0,10.0,13,0.08467,0.00182,0.0270355564906,8,0.51898,4.98102,0.09,0.0102,4
72,174,-0.025,0.055,0.06808,2.0,0.0,62,3,0.012,0,6.0,8,0.05896,0.00197,0.0340375586854,4,0.5505,4.38129,0.068,0.01389,4
116,294,-0.152,0.0,0.04408,2.0,0.0,96,2,0.0,0,6.0,7,0.04914,0.00129,0.0220389805097,4,0.5077,4.89686,0.071,0.00862,4
94,234,-0.146,0.013,0.05353,2.0,0.0,79,3,0.014,0,6.0,9,0.04651,0.00196,0.0267673301304,4,0.50335,5.31482,0.109,0.01064,4
95,245,0.077,0.008,0.05487,2.0,0.0,75,2,0.0,0,26.0,31,0.08714,0.0005,0.0274356103024,21,0.46483,4.29171,0.039,0.01053,4
75,172,-0.049,0.0,0.06198,2.0,0.0,60,2,0.0,0,15.0,18,0.06899,0.00027,0.030990990991,12,0.4482,3.65938,0.027,0.01333,4
67,156,-0.106,0.0,0.07056,2.0,0.0,55,2,0.0,0,9.0,12,0.09581,0.00092,0.0352781546811,7,0.69953,5.01786,0.071,0.01493,4
93,234,-0.19,0.002,0.0547,2.0,0.0,76,2,0.0,0,14.0,16,0.07563,0.0007,0.0273492286115,12,0.43531,4.80261,0.063,0.01075,4
72,181,0.024,0.062,0.07081,2.0,0.0,61,3,0.032,0,9.0,13,0.08225,0.00184,0.035406885759,7,0.61016,4.91401,0.079,0.01389,4
59,140,-0.167,0.0,0.08182,2.0,0.0,51,2,0.0,0,3.0,4,0.06765,0.0021,0.0409117475161,2,0.49702,4.65044,0.098,0.01695,4
86,200,0.028,0.0,0.05472,2.0,0.0,74,2,0.0,0,3.0,4,0.03999,0.00063,0.0273597811218,2,0.51181,4.20926,0.047,0.01163,4
78,195,-0.158,0.0,0.06494,2.0,0.0,69,2,0.0,0,4.0,5,0.06171,0.00114,0.0324675324675,3,0.68607,4.97048,0.073,0.01282,4
119,288,-0.15,0.0,0.04102,2.0,0.0,98,2,0.0,0,5.0,6,0.03749,0.00029,0.0205098988748,4,0.62607,4.37003,0.035,0.0084,4
133,0,-0.077,0.0,0.0278,1.0,0.0,140,2,0.0,1,46.0,61,0.05192,0,0.0277967646389,0,0.28719,6.48787,1.007,0.00752,4
142,0,-0.022,0.0,0.02597,1.0,0.0,148,2,0.0,1,34.0,46,0.06229,0,0.0259714314254,0,0.40037,5.95161,1.015,0.00704,4
94,268,-0.17,0.018,0.06131,2.0,0.0,85,3,0.007,0,13.0,18,0.13433,0.00548,0.0306566003203,10,0.43364,5.72103,0.184,0.01064,4
96,225,-0.111,0.0,0.04934,2.0,0.0,74,2,0.0,0,13.0,16,0.05942,0.00032,0.0246710526316,11,0.28867,3.81548,0.034,0.01042,4
71,168,-0.029,0.0,0.06761,2.0,0.0,58,2,0.0,0,5.0,6,0.05293,0.00112,0.0338028169014,3,0.52381,4.28598,0.056,0.01408,4
103,232,0.014,0.0,0.04417,2.0,0.0,83,2,0.0,0,5.0,6,0.03718,0.00023,0.0220826194555,4,0.39893,3.74425,0.025,0.00971,4
92,0,-0.004,0.0,0.03846,1.0,0.0,96,2,0.0,1,28.0,38,0.08082,0,0.0384615384615,0,0.28613,5.43029,1.023,0.01087,4
57,137,0.03,0.027,0.08584,2.0,0.0,47,2,0.0,0,2.0,3,0.06077,0.00076,0.0429197994987,2,0.57487,4.21356,0.05,0.01754,4
103,251,-0.157,0.018,0.04778,2.0,0.0,87,3,0.02,0,8.0,10,0.07524,0.00119,0.023891109842,5,0.3998,4.20932,0.064,0.00971,4
83,207,-0.211,0.0,0.06083,2.0,0.0,74,2,0.0,0,16.0,18,0.08063,0.00118,0.030414340288,14,0.64,5.14748,0.088,0.01205,4
87,213,-0.011,0.052,0.05694,2.0,0.0,72,3,0.021,0,2.0,3,0.04208,0.00069,0.0284683239775,2,0.63296,4.86429,0.052,0.01149,4
78,191,-0.198,0.0,0.0636,2.0,0.0,67,2,0.0,0,2.0,3,0.07169,0.00138,0.0318015318015,2,0.26804,4.59304,0.089,0.01282,4
107,257,0.062,0.0,0.04532,2.0,0.0,88,2,0.0,0,8.0,12,0.04262,0.00145,0.0226591430083,6,0.45163,4.23969,0.059,0.00935,4
57,138,-0.219,0.0,0.08647,2.0,0.0,51,2,0.0,0,6.0,8,0.08943,0.00357,0.0432330827068,4,0.48181,4.66889,0.13,0.01754,4
118,310,-0.141,0.021,0.04491,2.0,0.0,100,3,0.004,0,24.0,30,0.06369,0.00088,0.0224540055049,15,0.56053,5.03343,0.061,0.00847,4
124,275,-0.003,0.0,0.03606,2.0,0.0,101,2,0.0,0,28.0,31,0.04932,0.00014,0.0180304222397,26,0.40773,3.68957,0.021,0.00806,4
103,247,-0.038,0.024,0.04702,2.0,0.0,88,2,0.0,0,4.0,6,0.04323,0.00081,0.0235103750238,3,0.59861,4.20847,0.046,0.00971,4
115,0,-0.005,0.056,0.03143,1.0,0.0,115,3,0.067,1,34.0,41,0.06466,0,0.0314263920671,0,0.60737,6.12572,1.013,0.0087,4
101,264,-0.141,0.0,0.05228,2.0,0.0,89,2,0.0,0,7.0,10,0.07705,0.00397,0.0261386138614,5,0.52927,5.43135,0.151,0.0099,4
115,302,-0.135,0.0,0.04607,2.0,0.0,95,2,0.0,0,15.0,23,0.1114,0.00122,0.0230358504958,10,0.50861,4.79335,0.07,0.0087,4
72,173,0.011,0.0,0.06768,2.0,0.0,60,2,0.0,0,6.0,8,0.0553,0.00075,0.0338419405321,5,0.45468,4.1482,0.048,0.01389,4
92,0,-0.15,0.007,0.04419,1.0,0.0,107,3,0.011,1,24.0,30,0.07884,0,0.0441949354993,0,0.3096,8.59138,1.042,0.01087,4
170,0,0.114,0.022,0.02109,1.0,0.0,188,3,0.017,1,31.0,39,0.06847,0,0.0210929342151,0,0.23487,5.74089,1.118,0.00588,4
78,191,-0.057,0.03,0.0636,2.0,0.0,64,3,0.018,0,6.0,10,0.05709,0.00061,0.0318015318015,4,0.42644,4.26002,0.046,0.01282,4
126,328,-0.097,0.009,0.04165,2.0,0.0,106,2,0.0,0,26.0,37,0.06943,0.00081,0.0208253968254,17,0.60969,4.70903,0.053,0.00794,4
84,211,-0.193,0.0,0.06053,2.0,0.0,72,2,0.0,0,8.0,11,0.07009,0.00073,0.030263912794,6,0.56047,4.9032,0.059,0.0119,4
140,346,-0.002,0.0,0.03556,2.0,0.0,119,2,0.0,0,17.0,22,0.04993,0.00051,0.017780061665,13,0.56015,4.63862,0.043,0.00714,4
74,0,-0.192,0.047,0.05368,1.0,0.0,76,3,0.048,1,13.0,17,0.13604,0,0.0536838208071,0,0.47962,7.60233,1.051,0.01351,4
91,203,0.032,0.006,0.04957,2.0,0.0,72,2,0.0,0,10.0,14,0.0475,0.00022,0.0247863247863,8,0.35778,3.62557,0.026,0.01099,4
186,0,0.074,0.018,0.01813,1.0,0.0,200,3,0.019,1,37.0,52,0.05774,0,0.0181342632956,0,0.18585,4.91456,1.15,0.00538,4
93,220,-0.025,0.012,0.05143,2.0,0.0,75,2,0.0,0,3.0,4,0.04455,0.00054,0.0257129499766,2,0.53717,4.63086,0.048,0.01075,4
110,0,-0.143,0.01,0.03336,1.0,0.0,112,3,0.005,1,31.0,40,0.0675,0,0.0333611342786,0,0.34757,6.14222,1.007,0.00909,4
110,267,0.045,0.015,0.04454,2.0,0.0,89,2,0.0,0,8.0,12,0.04157,0.00032,0.0222685571309,6,0.51686,4.14931,0.032,0.00909,4
77,204,-0.245,0.0,0.06972,2.0,0.0,69,2,0.0,0,5.0,7,0.08677,0.00374,0.0348598769651,4,0.56236,5.61981,0.145,0.01299,4
53,118,0.026,0.0,0.08563,2.0,0.0,43,2,0.0,0,3.0,4,0.0585,0.0006,0.0428156748911,2,0.43329,3.67653,0.04,0.01887,4
111,261,-0.083,0.014,0.04275,2.0,0.0,96,2,0.0,0,5.0,7,0.03578,0.00066,0.0213759213759,3,0.48693,4.09208,0.045,0.00901,4
128,291,-0.051,0.004,0.0358,2.0,0.0,105,2,0.0,0,35.0,39,0.03932,0.0001,0.0179010826772,33,0.49079,3.76419,0.017,0.00781,4
120,291,-0.071,0.0,0.04076,2.0,0.0,100,2,0.0,0,27.0,36,0.06912,0.00053,0.0203781512605,18,0.59008,4.40968,0.039,0.00833,4
88,209,-0.093,0.0,0.0546,2.0,0.0,74,2,0.0,0,8.0,10,0.05696,0.00121,0.0272988505747,6,0.49607,4.03556,0.055,0.01136,4
40,94,-0.19,0.0,0.12051,2.0,0.0,33,2,0.0,0,4.0,5,0.09674,0.00273,0.0602564102564,3,0.2385,3.90213,0.092,0.025,4
126,304,-0.021,0.003,0.0386,2.0,0.0,101,2,0.0,0,22.0,28,0.04697,0.00119,0.0193015873016,17,0.4616,4.2591,0.053,0.00794,4
36,84,-0.128,0.0,0.13333,2.0,0.0,31,2,0.0,0,14.0,16,0.14121,0.00836,0.0666666666667,12,0.71581,4.77904,0.2,0.02778,4
93,215,-0.034,0.0,0.05026,2.0,0.0,72,2,0.0,0,5.0,6,0.0415,0.00028,0.0251285647499,4,0.33007,3.73573,0.029,0.01075,4
56,130,0.016,0.0,0.08442,2.0,0.0,46,2,0.0,0,6.0,8,0.10133,0.00144,0.0422077922078,5,0.356,4.05129,0.07,0.01786,4
127,280,0.048,0.0,0.035,2.0,0.0,102,2,0.0,0,54.0,57,0.03464,0.00032,0.0174978127734,52,0.33933,3.75287,0.029,0.00787,4
127,308,-0.002,0.034,0.0385,2.0,0.0,105,3,0.017,0,8.0,11,0.03462,0.00057,0.0192475940507,5,0.51561,4.33095,0.038,0.00787,4
114,288,-0.097,0.021,0.04471,2.0,0.0,96,3,0.019,0,7.0,10,0.05112,0.00089,0.022356776898,5,0.67601,4.6986,0.053,0.00877,4
84,221,-0.162,0.0,0.0634,2.0,0.0,75,2,0.0,0,9.0,16,0.10553,0.00302,0.0316982214573,6,0.40643,4.61374,0.121,0.0119,4
108,258,-0.012,0.0,0.04465,2.0,0.0,88,2,0.0,0,5.0,6,0.03598,0.00054,0.0223260643821,3,0.44345,4.33855,0.041,0.00926,4
238,0,0.126,0.06,0.01496,1.0,0.0,268,3,0.031,1,19.0,25,0.10656,0,0.0149629472042,0,0.18256,6.30262,1.511,0.0042,4
143,360,-0.016,0.023,0.03546,2.0,0.0,119,3,0.008,0,22.0,27,0.05334,0.00052,0.0177287501231,19,0.46937,4.53609,0.046,0.00699,4
121,322,-0.059,0.055,0.04435,2.0,0.0,105,3,0.044,0,18.0,23,0.0834,0.00344,0.0221763085399,12,0.41073,5.30334,0.141,0.00826,4
126,320,0.069,0.034,0.04063,2.0,0.0,107,3,0.02,0,18.0,24,0.08062,0.00089,0.0203174603175,15,0.34169,4.57953,0.056,0.00794,4
127,302,-0.099,0.009,0.03775,2.0,0.0,104,2,0.0,0,32.0,37,0.03667,0.00023,0.0188726409199,30,0.45423,4.00649,0.029,0.00787,4
107,274,-0.137,0.005,0.04832,2.0,0.0,92,2,0.0,0,6.0,8,0.05293,0.00102,0.024157996826,4,0.57325,5.16358,0.068,0.00935,4
113,297,0.169,0.027,0.04693,2.0,0.0,93,3,0.011,0,6.0,8,0.05454,0.0014,0.0234671302149,4,0.41533,4.60653,0.073,0.00885,4
64,154,0.025,0.043,0.07639,2.0,0.0,55,2,0.0,0,8.0,10,0.07496,0.00223,0.0381944444444,6,0.4883,4.28418,0.083,0.01562,4
111,0,0.009,0.019,0.03407,1.0,0.0,119,3,0.013,1,15.0,20,0.14478,0,0.0340704340704,0,0.28254,6.26039,1.054,0.00901,4
114,263,-0.147,0.0,0.04083,2.0,0.0,95,2,0.0,0,1.0,2,0.03327,0.00025,0.0204160844589,1,0.34347,4.06994,0.033,0.00877,4
142,358,-0.112,0.02,0.03576,2.0,0.0,121,3,0.006,0,12.0,20,0.07417,0.00061,0.0178803316352,10,0.36629,4.42265,0.05,0.00704,4
73,184,-0.025,0.029,0.07002,2.0,0.0,58,3,0.03,0,5.0,7,0.06937,0.00111,0.0350076103501,3,0.53716,4.68375,0.065,0.0137,4
88,229,-0.162,0.013,0.05982,2.0,0.0,75,2,0.0,0,7.0,9,0.09542,0.00141,0.0299111807732,4,0.33004,4.72012,0.089,0.01136,4
141,338,-0.02,0.0,0.03425,2.0,0.0,115,2,0.0,0,12.0,16,0.03936,0.00051,0.0171225937183,9,0.44764,4.21765,0.037,0.00709,4
52,108,0.053,0.0,0.08145,2.0,0.0,41,2,0.0,0,2.0,3,0.05753,0.00051,0.0407239819005,2,0.16566,3.32987,0.039,0.01923,4
50,114,-0.14,0.0,0.09306,2.0,0.0,42,2,0.0,0,4.0,6,0.08862,0.00187,0.0465306122449,3,0.55756,3.97819,0.078,0.02,4
90,208,-0.098,0.017,0.05194,2.0,0.0,75,2,0.0,0,5.0,7,0.04762,0.0005,0.0259675405743,4,0.46737,4.00427,0.043,0.01111,4
137,331,-0.222,0.0,0.03553,2.0,0.0,113,2,0.0,0,17.0,23,0.04978,0.00054,0.0177651352512,13,0.32507,4.14051,0.045,0.0073,4
158,0,-0.071,0.026,0.0233,1.0,0.0,164,3,0.03,1,23.0,29,0.08847,0,0.0233008143191,0,0.38477,5.87404,1.034,0.00633,4
101,251,0.048,0.066,0.0497,2.0,0.0,81,3,0.036,0,5.0,6,0.04066,0.00093,0.0248514851485,3,0.96478,5.00467,0.062,0.0099,4
41,108,-0.256,0.004,0.13171,2.0,0.0,34,2,0.0,0,4.0,6,0.18572,0.00851,0.0658536585366,3,0.66636,4.861,0.211,0.02439,4
44,109,-0.014,0.0,0.11522,2.0,0.0,35,2,0.0,0,3.0,4,0.10472,0.00365,0.0576109936575,2,0.54105,4.74416,0.128,0.02273,4
118,320,-0.05,0.025,0.04636,2.0,0.0,105,3,0.011,0,8.0,12,0.08649,0.0031,0.0231783282631,6,0.50396,5.22332,0.138,0.00847,4
172,0,-0.147,0.018,0.0221,1.0,0.0,189,3,0.031,1,25.0,32,0.08758,0,0.0220998232014,0,0.36418,6.48213,1.123,0.00581,4
76,184,-0.108,0.004,0.06456,2.0,0.0,64,2,0.0,0,4.0,5,0.05656,0.00067,0.0322807017544,2,0.47618,4.30243,0.051,0.01316,4
173,0,0.341,0.236,0.02097,1.0,0.0,184,6,0.063,1,34.0,45,0.06078,0,0.0209705605592,0,0.20665,12.22813,1.046,0.00578,4
64,147,0.045,0.0,0.07292,2.0,0.0,51,2,0.0,0,3.0,4,0.05568,0.00047,0.0364583333333,2,0.49109,3.97786,0.038,0.01563,4
131,302,-0.05,0.0,0.03547,2.0,0.0,107,2,0.0,0,30.0,41,0.04485,0.0002,0.0177334116265,24,0.60101,4.07004,0.025,0.00763,4
34,96,-0.227,0.043,0.17112,2.0,0.0,30,3,0.042,0,4.0,6,0.27666,0.03732,0.0855614973262,3,0.47099,7.03508,0.645,0.02941,4
122,0,-0.029,0.02,0.02913,1.0,0.0,123,3,0.02,1,36.0,47,0.06283,0,0.02912884433,0,0.36823,6.19895,1.018,0.0082,4
86,209,-0.057,0.0,0.05718,2.0,0.0,74,2,0.0,0,5.0,7,0.05313,0.00122,0.0285909712722,4,0.54207,4.62932,0.067,0.01163,4
81,177,-0.154,0.0,0.05463,2.0,0.0,69,2,0.0,0,6.0,8,0.0517,0.00028,0.0273148148148,5,0.43916,3.64953,0.031,0.01235,4
54,128,-0.037,0.01,0.08945,2.0,0.0,43,2,0.0,0,19.0,24,0.07961,0.00046,0.0447239692523,16,0.56825,4.05692,0.041,0.01852,4
111,0,-0.186,0.019,0.0344,1.0,0.0,112,3,0.029,1,18.0,24,0.11035,0,0.034398034398,0,0.46294,6.54757,1.024,0.00901,4
171,450,-0.056,0.022,0.03096,2.0,0.0,153,3,0.012,0,16.0,25,0.05004,0.00141,0.015479876161,11,0.4647,5.36394,0.082,0.00585,4
81,178,0.071,0.008,0.05494,2.0,0.0,68,2,0.0,0,6.0,9,0.04846,0.00035,0.0274691358025,4,0.41781,3.56714,0.029,0.01235,4
64,147,-0.004,0.0,0.07292,2.0,0.0,56,2,0.0,0,7.0,9,0.08911,0.00168,0.0364583333333,5,0.4312,4.48526,0.086,0.01562,4
54,128,-0.022,0.0,0.08945,2.0,0.0,40,2,0.0,0,1.0,2,0.07532,0.00056,0.0447239692523,1,0.69241,4.36829,0.05,0.01852,4
102,274,-0.029,0.003,0.05319,2.0,0.0,86,2,0.0,0,12.0,16,0.11545,0.00102,0.0265967773248,10,0.51064,5.04995,0.071,0.0098,4
104,271,-0.114,0.016,0.0506,2.0,0.0,93,3,0.02,0,6.0,9,0.07157,0.00227,0.0252987303958,4,0.41648,4.98632,0.116,0.00962,4
140,336,-0.03,0.017,0.03453,2.0,0.0,117,3,0.011,0,6.0,8,0.03269,0.00027,0.0172661870504,4,0.28955,4.04849,0.033,0.00714,4
123,277,0.017,0.005,0.03692,2.0,0.0,97,2,0.0,0,5.0,7,0.03104,0.00015,0.0184592829535,4,0.4117,3.69027,0.02,0.00813,4
71,171,-0.253,0.028,0.06881,2.0,0.0,59,3,0.023,0,9.0,12,0.07229,0.00109,0.0344064386318,6,0.27947,3.75081,0.054,0.01408,4
99,228,-0.063,0.0,0.047,2.0,0.0,81,2,0.0,0,8.0,11,0.03996,0.00082,0.0235003092146,6,0.57927,4.15151,0.045,0.0101,4
143,340,-0.049,0.0,0.03349,2.0,0.0,119,2,0.0,0,48.0,53,0.03098,0.00036,0.0167438195607,46,0.62585,4.44546,0.034,0.00699,4
84,191,0.13,0.0,0.05479,2.0,0.0,69,2,0.0,0,17.0,23,0.064,0.00067,0.0273952954676,13,0.34201,3.74547,0.041,0.0119,4
57,174,-0.193,0.0,0.10902,3.0,0.0,59,2,0.0,0,7.0,10,0.19548,0.02514,0.0545112781955,4,0.38384,7.73363,0.588,0.01754,4
31,70,-0.063,0.0,0.15054,2.0,0.0,28,2,0.0,0,5.0,7,0.13004,0.00482,0.0752688172043,3,0.56613,3.97716,0.127,0.03226,4
59,145,-0.156,0.04,0.08475,2.0,0.0,51,3,0.028,0,5.0,6,0.07007,0.00399,0.0423728813559,3,0.67342,4.80987,0.123,0.01695,4
127,316,-0.068,0.017,0.0395,2.0,0.0,106,3,0.013,0,6.0,11,0.03929,0.00067,0.0197475315586,4,0.47818,4.464,0.046,0.00787,4
94,271,-0.188,0.013,0.062,2.0,0.0,83,3,0.022,0,8.0,12,0.17779,0.00357,0.0309997712194,5,0.48559,5.915,0.157,0.01064,4
74,186,-0.069,0.049,0.06886,2.0,0.0,63,3,0.014,0,6.0,8,0.06783,0.00347,0.0344316919659,4,0.65786,4.94278,0.118,0.01351,4
78,187,0.052,0.007,0.06227,2.0,0.0,61,2,0.0,0,4.0,6,0.05785,0.00055,0.0311355311355,3,0.52457,4.19241,0.04,0.01282,4
83,0,0.031,0.077,0.03996,1.0,0.0,85,3,0.075,1,27.0,35,0.08039,0,0.0399647369968,0,0.19218,4.89324,1.095,0.01205,4
63,164,-0.124,0.047,0.08397,2.0,0.0,57,2,0.0,0,6.0,9,0.08416,0.0036,0.041986687148,4,0.25297,4.7756,0.127,0.01587,4
98,257,-0.144,0.008,0.05407,2.0,0.0,87,2,0.0,0,10.0,13,0.08467,0.00182,0.0270355564906,8,0.51898,4.98102,0.09,0.0102,4
72,174,-0.025,0.055,0.06808,2.0,0.0,62,3,0.012,0,6.0,8,0.05896,0.00197,0.0340375586854,4,0.5505,4.38129,0.068,0.01389,4
116,294,-0.152,0.0,0.04408,2.0,0.0,96,2,0.0,0,6.0,7,0.04914,0.00129,0.0220389805097,4,0.5077,4.89686,0.071,0.00862,4
94,234,-0.146,0.013,0.05353,2.0,0.0,79,3,0.014,0,6.0,9,0.04651,0.00196,0.0267673301304,4,0.50335,5.31482,0.109,0.01064,4
95,245,0.077,0.008,0.05487,2.0,0.0,75,2,0.0,0,26.0,31,0.08714,0.0005,0.0274356103024,21,0.46483,4.29171,0.039,0.01053,4
75,172,-0.049,0.0,0.06198,2.0,0.0,60,2,0.0,0,15.0,18,0.06899,0.00027,0.030990990991,12,0.4482,3.65938,0.027,0.01333,4
67,156,-0.106,0.0,0.07056,2.0,0.0,55,2,0.0,0,9.0,12,0.09581,0.00092,0.0352781546811,7,0.69953,5.01786,0.071,0.01493,4
93,234,-0.19,0.002,0.0547,2.0,0.0,76,2,0.0,0,14.0,16,0.07563,0.0007,0.0273492286115,12,0.43531,4.80261,0.063,0.01075,4
72,181,0.024,0.062,0.07081,2.0,0.0,61,3,0.032,0,9.0,13,0.08225,0.00184,0.035406885759,7,0.61016,4.91401,0.079,0.01389,4
59,140,-0.167,0.0,0.08182,2.0,0.0,51,2,0.0,0,3.0,4,0.06765,0.0021,0.0409117475161,2,0.49702,4.65044,0.098,0.01695,4
86,200,0.028,0.0,0.05472,2.0,0.0,74,2,0.0,0,3.0,4,0.03999,0.00063,0.0273597811218,2,0.51181,4.20926,0.047,0.01163,4
78,195,-0.158,0.0,0.06494,2.0,0.0,69,2,0.0,0,4.0,5,0.06171,0.00114,0.0324675324675,3,0.68607,4.97048,0.073,0.01282,4
119,288,-0.15,0.0,0.04102,2.0,0.0,98,2,0.0,0,5.0,6,0.03749,0.00029,0.0205098988748,4,0.62607,4.37003,0.035,0.0084,4
133,0,-0.077,0.0,0.0278,1.0,0.0,140,2,0.0,1,46.0,61,0.05192,0,0.0277967646389,0,0.28719,6.48787,1.007,0.00752,4
142,0,-0.022,0.0,0.02597,1.0,0.0,148,2,0.0,1,34.0,46,0.06229,0,0.0259714314254,0,0.40037,5.95161,1.015,0.00704,4
94,268,-0.17,0.018,0.06131,2.0,0.0,85,3,0.007,0,13.0,18,0.13433,0.00548,0.0306566003203,10,0.43364,5.72103,0.184,0.01064,4
96,225,-0.111,0.0,0.04934,2.0,0.0,74,2,0.0,0,13.0,16,0.05942,0.00032,0.0246710526316,11,0.28867,3.81548,0.034,0.01042,4
71,168,-0.029,0.0,0.06761,2.0,0.0,58,2,0.0,0,5.0,6,0.05293,0.00112,0.0338028169014,3,0.52381,4.28598,0.056,0.01408,4
103,232,0.014,0.0,0.04417,2.0,0.0,83,2,0.0,0,5.0,6,0.03718,0.00023,0.0220826194555,4,0.39893,3.74425,0.025,0.00971,4
92,0,-0.004,0.0,0.03846,1.0,0.0,96,2,0.0,1,28.0,38,0.08082,0,0.0384615384615,0,0.28613,5.43029,1.023,0.01087,4
57,137,0.03,0.027,0.08584,2.0,0.0,47,2,0.0,0,2.0,3,0.06077,0.00076,0.0429197994987,2,0.57487,4.21356,0.05,0.01754,4
103,251,-0.157,0.018,0.04778,2.0,0.0,87,3,0.02,0,8.0,10,0.07524,0.00119,0.023891109842,5,0.3998,4.20932,0.064,0.00971,4
83,207,-0.211,0.0,0.06083,2.0,0.0,74,2,0.0,0,16.0,18,0.08063,0.00118,0.030414340288,14,0.64,5.14748,0.088,0.01205,4
87,213,-0.011,0.052,0.05694,2.0,0.0,72,3,0.021,0,2.0,3,0.04208,0.00069,0.0284683239775,2,0.63296,4.86429,0.052,0.01149,4
78,191,-0.198,0.0,0.0636,2.0,0.0,67,2,0.0,0,2.0,3,0.07169,0.00138,0.0318015318015,2,0.26804,4.59304,0.089,0.01282,4
107,257,0.062,0.0,0.04532,2.0,0.0,88,2,0.0,0,8.0,12,0.04262,0.00145,0.0226591430083,6,0.45163,4.23969,0.059,0.00935,4
57,138,-0.219,0.0,0.08647,2.0,0.0,51,2,0.0,0,6.0,8,0.08943,0.00357,0.0432330827068,4,0.48181,4.66889,0.13,0.01754,4
118,310,-0.141,0.021,0.04491,2.0,0.0,100,3,0.004,0,24.0,30,0.06369,0.00088,0.0224540055049,15,0.56053,5.03343,0.061,0.00847,4
124,275,-0.003,0.0,0.03606,2.0,0.0,101,2,0.0,0,28.0,31,0.04932,0.00014,0.0180304222397,26,0.40773,3.68957,0.021,0.00806,4
103,247,-0.038,0.024,0.04702,2.0,0.0,88,2,0.0,0,4.0,6,0.04323,0.00081,0.0235103750238,3,0.59861,4.20847,0.046,0.00971,4
115,0,-0.005,0.056,0.03143,1.0,0.0,115,3,0.067,1,34.0,41,0.06466,0,0.0314263920671,0,0.60737,6.12572,1.013,0.0087,4
101,264,-0.141,0.0,0.05228,2.0,0.0,89,2,0.0,0,7.0,10,0.07705,0.00397,0.0261386138614,5,0.52927,5.43135,0.151,0.0099,4
115,302,-0.135,0.0,0.04607,2.0,0.0,95,2,0.0,0,15.0,23,0.1114,0.00122,0.0230358504958,10,0.50861,4.79335,0.07,0.0087,4
72,173,0.011,0.0,0.06768,2.0,0.0,60,2,0.0,0,6.0,8,0.0553,0.00075,0.0338419405321,5,0.45468,4.1482,0.048,0.01389,4
92,0,-0.15,0.007,0.04419,1.0,0.0,107,3,0.011,1,24.0,30,0.07884,0,0.0441949354993,0,0.3096,8.59138,1.042,0.01087,4
170,0,0.114,0.022,0.02109,1.0,0.0,188,3,0.017,1,31.0,39,0.06847,0,0.0210929342151,0,0.23487,5.74089,1.118,0.00588,4
78,191,-0.057,0.03,0.0636,2.0,0.0,64,3,0.018,0,6.0,10,0.05709,0.00061,0.0318015318015,4,0.42644,4.26002,0.046,0.01282,4
126,328,-0.097,0.009,0.04165,2.0,0.0,106,2,0.0,0,26.0,37,0.06943,0.00081,0.0208253968254,17,0.60969,4.70903,0.053,0.00794,4
84,211,-0.193,0.0,0.06053,2.0,0.0,72,2,0.0,0,8.0,11,0.07009,0.00073,0.030263912794,6,0.56047,4.9032,0.059,0.0119,4
140,346,-0.002,0.0,0.03556,2.0,0.0,119,2,0.0,0,17.0,22,0.04993,0.00051,0.017780061665,13,0.56015,4.63862,0.043,0.00714,4
74,0,-0.192,0.047,0.05368,1.0,0.0,76,3,0.048,1,13.0,17,0.13604,0,0.0536838208071,0,0.47962,7.60233,1.051,0.01351,4
91,203,0.032,0.006,0.04957,2.0,0.0,72,2,0.0,0,10.0,14,0.0475,0.00022,0.0247863247863,8,0.35778,3.62557,0.026,0.01099,4
186,0,0.074,0.018,0.01813,1.0,0.0,200,3,0.019,1,37.0,52,0.05774,0,0.0181342632956,0,0.18585,4.91456,1.15,0.00538,4
93,220,-0.025,0.012,0.05143,2.0,0.0,75,2,0.0,0,3.0,4,0.04455,0.00054,0.0257129499766,2,0.53717,4.63086,0.048,0.01075,4
110,0,-0.143,0.01,0.03336,1.0,0.0,112,3,0.005,1,31.0,40,0.0675,0,0.0333611342786,0,0.34757,6.14222,1.007,0.00909,4
110,267,0.045,0.015,0.04454,2.0,0.0,89,2,0.0,0,8.0,12,0.04157,0.00032,0.0222685571309,6,0.51686,4.14931,0.032,0.00909,4
77,204,-0.245,0.0,0.06972,2.0,0.0,69,2,0.0,0,5.0,7,0.08677,0.00374,0.0348598769651,4,0.56236,5.61981,0.145,0.01299,4
53,118,0.026,0.0,0.08563,2.0,0.0,43,2,0.0,0,3.0,4,0.0585,0.0006,0.0428156748911,2,0.43329,3.67653,0.04,0.01887,4
111,261,-0.083,0.014,0.04275,2.0,0.0,96,2,0.0,0,5.0,7,0.03578,0.00066,0.0213759213759,3,0.48693,4.09208,0.045,0.00901,4
128,291,-0.051,0.004,0.0358,2.0,0.0,105,2,0.0,0,35.0,39,0.03932,0.0001,0.0179010826772,33,0.49079,3.76419,0.017,0.00781,4
120,291,-0.071,0.0,0.04076,2.0,0.0,100,2,0.0,0,27.0,36,0.06912,0.00053,0.0203781512605,18,0.59008,4.40968,0.039,0.00833,4
88,209,-0.093,0.0,0.0546,2.0,0.0,74,2,0.0,0,8.0,10,0.05696,0.00121,0.0272988505747,6,0.49607,4.03556,0.055,0.01136,4
40,94,-0.19,0.0,0.12051,2.0,0.0,33,2,0.0,0,4.0,5,0.09674,0.00273,0.0602564102564,3,0.2385,3.90213,0.092,0.025,4
126,304,-0.021,0.003,0.0386,2.0,0.0,101,2,0.0,0,22.0,28,0.04697,0.00119,0.0193015873016,17,0.4616,4.2591,0.053,0.00794,4
36,84,-0.128,0.0,0.13333,2.0,0.0,31,2,0.0,0,14.0,16,0.14121,0.00836,0.0666666666667,12,0.71581,4.77904,0.2,0.02778,4
93,215,-0.034,0.0,0.05026,2.0,0.0,72,2,0.0,0,5.0,6,0.0415,0.00028,0.0251285647499,4,0.33007,3.73573,0.029,0.01075,4
56,130,0.016,0.0,0.08442,2.0,0.0,46,2,0.0,0,6.0,8,0.10133,0.00144,0.0422077922078,5,0.356,4.05129,0.07,0.01786,4
127,280,0.048,0.0,0.035,2.0,0.0,102,2,0.0,0,54.0,57,0.03464,0.00032,0.0174978127734,52,0.33933,3.75287,0.029,0.00787,4
127,308,-0.002,0.034,0.0385,2.0,0.0,105,3,0.017,0,8.0,11,0.03462,0.00057,0.0192475940507,5,0.51561,4.33095,0.038,0.00787,4
114,288,-0.097,0.021,0.04471,2.0,0.0,96,3,0.019,0,7.0,10,0.05112,0.00089,0.022356776898,5,0.67601,4.6986,0.053,0.00877,4
84,221,-0.162,0.0,0.0634,2.0,0.0,75,2,0.0,0,9.0,16,0.10553,0.00302,0.0316982214573,6,0.40643,4.61374,0.121,0.0119,4
108,258,-0.012,0.0,0.04465,2.0,0.0,88,2,0.0,0,5.0,6,0.03598,0.00054,0.0223260643821,3,0.44345,4.33855,0.041,0.00926,4
238,0,0.126,0.06,0.01496,1.0,0.0,268,3,0.031,1,19.0,25,0.10656,0,0.0149629472042,0,0.18256,6.30262,1.511,0.0042,4
143,360,-0.016,0.023,0.03546,2.0,0.0,119,3,0.008,0,22.0,27,0.05334,0.00052,0.0177287501231,19,0.46937,4.53609,0.046,0.00699,4
121,322,-0.059,0.055,0.04435,2.0,0.0,105,3,0.044,0,18.0,23,0.0834,0.00344,0.0221763085399,12,0.41073,5.30334,0.141,0.00826,4
126,320,0.069,0.034,0.04063,2.0,0.0,107,3,0.02,0,18.0,24,0.08062,0.00089,0.0203174603175,15,0.34169,4.57953,0.056,0.00794,4
127,302,-0.099,0.009,0.03775,2.0,0.0,104,2,0.0,0,32.0,37,0.03667,0.00023,0.0188726409199,30,0.45423,4.00649,0.029,0.00787,4
107,274,-0.137,0.005,0.04832,2.0,0.0,92,2,0.0,0,6.0,8,0.05293,0.00102,0.024157996826,4,0.57325,5.16358,0.068,0.00935,4
113,297,0.169,0.027,0.04693,2.0,0.0,93,3,0.011,0,6.0,8,0.05454,0.0014,0.0234671302149,4,0.41533,4.60653,0.073,0.00885,4
64,154,0.025,0.043,0.07639,2.0,0.0,55,2,0.0,0,8.0,10,0.07496,0.00223,0.0381944444444,6,0.4883,4.28418,0.083,0.01562,4
111,0,0.009,0.019,0.03407,1.0,0.0,119,3,0.013,1,15.0,20,0.14478,0,0.0340704340704,0,0.28254,6.26039,1.054,0.00901,4
114,263,-0.147,0.0,0.04083,2.0,0.0,95,2,0.0,0,1.0,2,0.03327,0.00025,0.0204160844589,1,0.34347,4.06994,0.033,0.00877,4
142,358,-0.112,0.02,0.03576,2.0,0.0,121,3,0.006,0,12.0,20,0.07417,0.00061,0.0178803316352,10,0.36629,4.42265,0.05,0.00704,4
73,184,-0.025,0.029,0.07002,2.0,0.0,58,3,0.03,0,5.0,7,0.06937,0.00111,0.0350076103501,3,0.53716,4.68375,0.065,0.0137,4
88,229,-0.162,0.013,0.05982,2.0,0.0,75,2,0.0,0,7.0,9,0.09542,0.00141,0.0299111807732,4,0.33004,4.72012,0.089,0.01136,4
141,338,-0.02,0.0,0.03425,2.0,0.0,115,2,0.0,0,12.0,16,0.03936,0.00051,0.0171225937183,9,0.44764,4.21765,0.037,0.00709,4
52,108,0.053,0.0,0.08145,2.0,0.0,41,2,0.0,0,2.0,3,0.05753,0.00051,0.0407239819005,2,0.16566,3.32987,0.039,0.01923,4
50,114,-0.14,0.0,0.09306,2.0,0.0,42,2,0.0,0,4.0,6,0.08862,0.00187,0.0465306122449,3,0.55756,3.97819,0.078,0.02,4
90,208,-0.098,0.017,0.05194,2.0,0.0,75,2,0.0,0,5.0,7,0.04762,0.0005,0.0259675405743,4,0.46737,4.00427,0.043,0.01111,4
137,331,-0.222,0.0,0.03553,2.0,0.0,113,2,0.0,0,17.0,23,0.04978,0.00054,0.0177651352512,13,0.32507,4.14051,0.045,0.0073,4
158,0,-0.071,0.026,0.0233,1.0,0.0,164,3,0.03,1,23.0,29,0.08847,0,0.0233008143191,0,0.38477,5.87404,1.034,0.00633,4
101,251,0.048,0.066,0.0497,2.0,0.0,81,3,0.036,0,5.0,6,0.04066,0.00093,0.0248514851485,3,0.96478,5.00467,0.062,0.0099,4
41,108,-0.256,0.004,0.13171,2.0,0.0,34,2,0.0,0,4.0,6,0.18572,0.00851,0.0658536585366,3,0.66636,4.861,0.211,0.02439,4
44,109,-0.014,0.0,0.11522,2.0,0.0,35,2,0.0,0,3.0,4,0.10472,0.00365,0.0576109936575,2,0.54105,4.74416,0.128,0.02273,4
118,320,-0.05,0.025,0.04636,2.0,0.0,105,3,0.011,0,8.0,12,0.08649,0.0031,0.0231783282631,6,0.50396,5.22332,0.138,0.00847,4
172,0,-0.147,0.018,0.0221,1.0,0.0,189,3,0.031,1,25.0,32,0.08758,0,0.0220998232014,0,0.36418,6.48213,1.123,0.00581,4
76,184,-0.108,0.004,0.06456,2.0,0.0,64,2,0.0,0,4.0,5,0.05656,0.00067,0.0322807017544,2,0.47618,4.30243,0.051,0.01316,4
173,0,0.341,0.236,0.02097,1.0,0.0,184,6,0.063,1,34.0,45,0.06078,0,0.0209705605592,0,0.20665,12.22813,1.046,0.00578,4
64,147,0.045,0.0,0.07292,2.0,0.0,51,2,0.0,0,3.0,4,0.05568,0.00047,0.0364583333333,2,0.49109,3.97786,0.038,0.01563,4
131,302,-0.05,0.0,0.03547,2.0,0.0,107,2,0.0,0,30.0,41,0.04485,0.0002,0.0177334116265,24,0.60101,4.07004,0.025,0.00763,4
34,96,-0.227,0.043,0.17112,2.0,0.0,30,3,0.042,0,4.0,6,0.27666,0.03732,0.0855614973262,3,0.47099,7.03508,0.645,0.02941,4
122,0,-0.029,0.02,0.02913,1.0,0.0,123,3,0.02,1,36.0,47,0.06283,0,0.02912884433,0,0.36823,6.19895,1.018,0.0082,4
86,209,-0.057,0.0,0.05718,2.0,0.0,74,2,0.0,0,5.0,7,0.05313,0.00122,0.0285909712722,4,0.54207,4.62932,0.067,0.01163,4
81,177,-0.154,0.0,0.05463,2.0,0.0,69,2,0.0,0,6.0,8,0.0517,0.00028,0.0273148148148,5,0.43916,3.64953,0.031,0.01235,4
54,128,-0.037,0.01,0.08945,2.0,0.0,43,2,0.0,0,19.0,24,0.07961,0.00046,0.0447239692523,16,0.56825,4.05692,0.041,0.01852,4
111,0,-0.186,0.019,0.0344,1.0,0.0,112,3,0.029,1,18.0,24,0.11035,0,0.034398034398,0,0.46294,6.54757,1.024,0.00901,4
171,450,-0.056,0.022,0.03096,2.0,0.0,153,3,0.012,0,16.0,25,0.05004,0.00141,0.015479876161,11,0.4647,5.36394,0.082,0.00585,4
81,178,0.071,0.008,0.05494,2.0,0.0,68,2,0.0,0,6.0,9,0.04846,0.00035,0.0274691358025,4,0.41781,3.56714,0.029,0.01235,4
64,147,-0.004,0.0,0.07292,2.0,0.0,56,2,0.0,0,7.0,9,0.08911,0.00168,0.0364583333333,5,0.4312,4.48526,0.086,0.01562,4
54,128,-0.022,0.0,0.08945,2.0,0.0,40,2,0.0,0,1.0,2,0.07532,0.00056,0.0447239692523,1,0.69241,4.36829,0.05,0.01852,4
102,274,-0.029,0.003,0.05319,2.0,0.0,86,2,0.0,0,12.0,16,0.11545,0.00102,0.0265967773248,10,0.51064,5.04995,0.071,0.0098,4
104,271,-0.114,0.016,0.0506,2.0,0.0,93,3,0.02,0,6.0,9,0.07157,0.00227,0.0252987303958,4,0.41648,4.98632,0.116,0.00962,4
140,336,-0.03,0.017,0.03453,2.0,0.0,117,3,0.011,0,6.0,8,0.03269,0.00027,0.0172661870504,4,0.28955,4.04849,0.033,0.00714,4
123,277,0.017,0.005,0.03692,2.0,0.0,97,2,0.0,0,5.0,7,0.03104,0.00015,0.0184592829535,4,0.4117,3.69027,0.02,0.00813,4
71,171,-0.253,0.028,0.06881,2.0,0.0,59,3,0.023,0,9.0,12,0.07229,0.00109,0.0344064386318,6,0.27947,3.75081,0.054,0.01408,4
99,228,-0.063,0.0,0.047,2.0,0.0,81,2,0.0,0,8.0,11,0.03996,0.00082,0.0235003092146,6,0.57927,4.15151,0.045,0.0101,4
143,340,-0.049,0.0,0.03349,2.0,0.0,119,2,0.0,0,48.0,53,0.03098,0.00036,0.0167438195607,46,0.62585,4.44546,0.034,0.00699,4
84,191,0.13,0.0,0.05479,2.0,0.0,69,2,0.0,0,17.0,23,0.064,0.00067,0.0273952954676,13,0.34201,3.74547,0.041,0.0119,4
57,174,-0.193,0.0,0.10902,3.0,0.0,59,2,0.0,0,7.0,10,0.19548,0.02514,0.0545112781955,4,0.38384,7.73363,0.588,0.01754,4
31,70,-0.063,0.0,0.15054,2.0,0.0,28,2,0.0,0,5.0,7,0.13004,0.00482,0.0752688172043,3,0.56613,3.97716,0.127,0.03226,4
59,145,-0.156,0.04,0.08475,2.0,0.0,51,3,0.028,0,5.0,6,0.07007,0.00399,0.0423728813559,3,0.67342,4.80987,0.123,0.01695,4
127,316,-0.068,0.017,0.0395,2.0,0.0,106,3,0.013,0,6.0,11,0.03929,0.00067,0.0197475315586,4,0.47818,4.464,0.046,0.00787,4
94,271,-0.188,0.013,0.062,2.0,0.0,83,3,0.022,0,8.0,12,0.17779,0.00357,0.0309997712194,5,0.48559,5.915,0.157,0.01064,4
74,186,-0.069,0.049,0.06886,2.0,0.0,63,3,0.014,0,6.0,8,0.06783,0.00347,0.0344316919659,4,0.65786,4.94278,0.118,0.01351,4
78,187,0.052,0.007,0.06227,2.0,0.0,61,2,0.0,0,4.0,6,0.05785,0.00055,0.0311355311355,3,0.52457,4.19241,0.04,0.01282,4
83,0,0.031,0.077,0.03996,1.0,0.0,85,3,0.075,1,27.0,35,0.08039,0,0.0399647369968,0,0.19218,4.89324,1.095,0.01205,4
63,164,-0.124,0.047,0.08397,2.0,0.0,57,2,0.0,0,6.0,9,0.08416,0.0036,0.041986687148,4,0.25297,4.7756,0.127,0.01587,4
98,257,-0.144,0.008,0.05407,2.0,0.0,87,2,0.0,0,10.0,13,0.08467,0.00182,0.0270355564906,8,0.51898,4.98102,0.09,0.0102,4
72,174,-0.025,0.055,0.06808,2.0,0.0,62,3,0.012,0,6.0,8,0.05896,0.00197,0.0340375586854,4,0.5505,4.38129,0.068,0.01389,4
116,294,-0.152,0.0,0.04408,2.0,0.0,96,2,0.0,0,6.0,7,0.04914,0.00129,0.0220389805097,4,0.5077,4.89686,0.071,0.00862,4
94,234,-0.146,0.013,0.05353,2.0,0.0,79,3,0.014,0,6.0,9,0.04651,0.00196,0.0267673301304,4,0.50335,5.31482,0.109,0.01064,4
95,245,0.077,0.008,0.05487,2.0,0.0,75,2,0.0,0,26.0,31,0.08714,0.0005,0.0274356103024,21,0.46483,4.29171,0.039,0.01053,4
75,172,-0.049,0.0,0.06198,2.0,0.0,60,2,0.0,0,15.0,18,0.06899,0.00027,0.030990990991,12,0.4482,3.65938,0.027,0.01333,4
67,156,-0.106,0.0,0.07056,2.0,0.0,55,2,0.0,0,9.0,12,0.09581,0.00092,0.0352781546811,7,0.69953,5.01786,0.071,0.01493,4
93,234,-0.19,0.002,0.0547,2.0,0.0,76,2,0.0,0,14.0,16,0.07563,0.0007,0.0273492286115,12,0.43531,4.80261,0.063,0.01075,4
72,181,0.024,0.062,0.07081,2.0,0.0,61,3,0.032,0,9.0,13,0.08225,0.00184,0.035406885759,7,0.61016,4.91401,0.079,0.01389,4
59,140,-0.167,0.0,0.08182,2.0,0.0,51,2,0.0,0,3.0,4,0.06765,0.0021,0.0409117475161,2,0.49702,4.65044,0.098,0.01695,4
86,200,0.028,0.0,0.05472,2.0,0.0,74,2,0.0,0,3.0,4,0.03999,0.00063,0.0273597811218,2,0.51181,4.20926,0.047,0.01163,4
78,195,-0.158,0.0,0.06494,2.0,0.0,69,2,0.0,0,4.0,5,0.06171,0.00114,0.0324675324675,3,0.68607,4.97048,0.073,0.01282,4
119,288,-0.15,0.0,0.04102,2.0,0.0,98,2,0.0,0,5.0,6,0.03749,0.00029,0.0205098988748,4,0.62607,4.37003,0.035,0.0084,4
133,0,-0.077,0.0,0.0278,1.0,0.0,140,2,0.0,1,46.0,61,0.05192,0,0.0277967646389,0,0.28719,6.48787,1.007,0.00752,4
142,0,-0.022,0.0,0.02597,1.0,0.0,148,2,0.0,1,34.0,46,0.06229,0,0.0259714314254,0,0.40037,5.95161,1.015,0.00704,4
94,268,-0.17,0.018,0.06131,2.0,0.0,85,3,0.007,0,13.0,18,0.13433,0.00548,0.0306566003203,10,0.43364,5.72103,0.184,0.01064,4
96,225,-0.111,0.0,0.04934,2.0,0.0,74,2,0.0,0,13.0,16,0.05942,0.00032,0.0246710526316,11,0.28867,3.81548,0.034,0.01042,4
71,168,-0.029,0.0,0.06761,2.0,0.0,58,2,0.0,0,5.0,6,0.05293,0.00112,0.0338028169014,3,0.52381,4.28598,0.056,0.01408,4
103,232,0.014,0.0,0.04417,2.0,0.0,83,2,0.0,0,5.0,6,0.03718,0.00023,0.0220826194555,4,0.39893,3.74425,0.025,0.00971,4
92,0,-0.004,0.0,0.03846,1.0,0.0,96,2,0.0,1,28.0,38,0.08082,0,0.0384615384615,0,0.28613,5.43029,1.023,0.01087,4
57,137,0.03,0.027,0.08584,2.0,0.0,47,2,0.0,0,2.0,3,0.06077,0.00076,0.0429197994987,2,0.57487,4.21356,0.05,0.01754,4
103,251,-0.157,0.018,0.04778,2.0,0.0,87,3,0.02,0,8.0,10,0.07524,0.00119,0.023891109842,5,0.3998,4.20932,0.064,0.00971,4
83,207,-0.211,0.0,0.06083,2.0,0.0,74,2,0.0,0,16.0,18,0.08063,0.00118,0.030414340288,14,0.64,5.14748,0.088,0.01205,4
87,213,-0.011,0.052,0.05694,2.0,0.0,72,3,0.021,0,2.0,3,0.04208,0.00069,0.0284683239775,2,0.63296,4.86429,0.052,0.01149,4
78,191,-0.198,0.0,0.0636,2.0,0.0,67,2,0.0,0,2.0,3,0.07169,0.00138,0.0318015318015,2,0.26804,4.59304,0.089,0.01282,4
107,257,0.062,0.0,0.04532,2.0,0.0,88,2,0.0,0,8.0,12,0.04262,0.00145,0.0226591430083,6,0.45163,4.23969,0.059,0.00935,4
57,138,-0.219,0.0,0.08647,2.0,0.0,51,2,0.0,0,6.0,8,0.08943,0.00357,0.0432330827068,4,0.48181,4.66889,0.13,0.01754,4
118,310,-0.141,0.021,0.04491,2.0,0.0,100,3,0.004,0,24.0,30,0.06369,0.00088,0.0224540055049,15,0.56053,5.03343,0.061,0.00847,4
124,275,-0.003,0.0,0.03606,2.0,0.0,101,2,0.0,0,28.0,31,0.04932,0.00014,0.0180304222397,26,0.40773,3.68957,0.021,0.00806,4
103,247,-0.038,0.024,0.04702,2.0,0.0,88,2,0.0,0,4.0,6,0.04323,0.00081,0.0235103750238,3,0.59861,4.20847,0.046,0.00971,4
115,0,-0.005,0.056,0.03143,1.0,0.0,115,3,0.067,1,34.0,41,0.06466,0,0.0314263920671,0,0.60737,6.12572,1.013,0.0087,4
101,264,-0.141,0.0,0.05228,2.0,0.0,89,2,0.0,0,7.0,10,0.07705,0.00397,0.0261386138614,5,0.52927,5.43135,0.151,0.0099,4
115,302,-0.135,0.0,0.04607,2.0,0.0,95,2,0.0,0,15.0,23,0.1114,0.00122,0.0230358504958,10,0.50861,4.79335,0.07,0.0087,4
72,173,0.011,0.0,0.06768,2.0,0.0,60,2,0.0,0,6.0,8,0.0553,0.00075,0.0338419405321,5,0.45468,4.1482,0.048,0.01389,4
92,0,-0.15,0.007,0.04419,1.0,0.0,107,3,0.011,1,24.0,30,0.07884,0,0.0441949354993,0,0.3096,8.59138,1.042,0.01087,4
170,0,0.114,0.022,0.02109,1.0,0.0,188,3,0.017,1,31.0,39,0.06847,0,0.0210929342151,0,0.23487,5.74089,1.118,0.00588,4
78,191,-0.057,0.03,0.0636,2.0,0.0,64,3,0.018,0,6.0,10,0.05709,0.00061,0.0318015318015,4,0.42644,4.26002,0.046,0.01282,4
126,328,-0.097,0.009,0.04165,2.0,0.0,106,2,0.0,0,26.0,37,0.06943,0.00081,0.0208253968254,17,0.60969,4.70903,0.053,0.00794,4
84,211,-0.193,0.0,0.06053,2.0,0.0,72,2,0.0,0,8.0,11,0.07009,0.00073,0.030263912794,6,0.56047,4.9032,0.059,0.0119,4
140,346,-0.002,0.0,0.03556,2.0,0.0,119,2,0.0,0,17.0,22,0.04993,0.00051,0.017780061665,13,0.56015,4.63862,0.043,0.00714,4
74,0,-0.192,0.047,0.05368,1.0,0.0,76,3,0.048,1,13.0,17,0.13604,0,0.0536838208071,0,0.47962,7.60233,1.051,0.01351,4
91,203,0.032,0.006,0.04957,2.0,0.0,72,2,0.0,0,10.0,14,0.0475,0.00022,0.0247863247863,8,0.35778,3.62557,0.026,0.01099,4
186,0,0.074,0.018,0.01813,1.0,0.0,200,3,0.019,1,37.0,52,0.05774,0,0.0181342632956,0,0.18585,4.91456,1.15,0.00538,4
93,220,-0.025,0.012,0.05143,2.0,0.0,75,2,0.0,0,3.0,4,0.04455,0.00054,0.0257129499766,2,0.53717,4.63086,0.048,0.01075,4
110,0,-0.143,0.01,0.03336,1.0,0.0,112,3,0.005,1,31.0,40,0.0675,0,0.0333611342786,0,0.34757,6.14222,1.007,0.00909,4
110,267,0.045,0.015,0.04454,2.0,0.0,89,2,0.0,0,8.0,12,0.04157,0.00032,0.0222685571309,6,0.51686,4.14931,0.032,0.00909,4
77,204,-0.245,0.0,0.06972,2.0,0.0,69,2,0.0,0,5.0,7,0.08677,0.00374,0.0348598769651,4,0.56236,5.61981,0.145,0.01299,4
53,118,0.026,0.0,0.08563,2.0,0.0,43,2,0.0,0,3.0,4,0.0585,0.0006,0.0428156748911,2,0.43329,3.67653,0.04,0.01887,4
111,261,-0.083,0.014,0.04275,2.0,0.0,96,2,0.0,0,5.0,7,0.03578,0.00066,0.0213759213759,3,0.48693,4.09208,0.045,0.00901,4
128,291,-0.051,0.004,0.0358,2.0,0.0,105,2,0.0,0,35.0,39,0.03932,0.0001,0.0179010826772,33,0.49079,3.76419,0.017,0.00781,4
120,291,-0.071,0.0,0.04076,2.0,0.0,100,2,0.0,0,27.0,36,0.06912,0.00053,0.0203781512605,18,0.59008,4.40968,0.039,0.00833,4
88,209,-0.093,0.0,0.0546,2.0,0.0,74,2,0.0,0,8.0,10,0.05696,0.00121,0.0272988505747,6,0.49607,4.03556,0.055,0.01136,4
40,94,-0.19,0.0,0.12051,2.0,0.0,33,2,0.0,0,4.0,5,0.09674,0.00273,0.0602564102564,3,0.2385,3.90213,0.092,0.025,4
126,304,-0.021,0.003,0.0386,2.0,0.0,101,2,0.0,0,22.0,28,0.04697,0.00119,0.0193015873016,17,0.4616,4.2591,0.053,0.00794,4
36,84,-0.128,0.0,0.13333,2.0,0.0,31,2,0.0,0,14.0,16,0.14121,0.00836,0.0666666666667,12,0.71581,4.77904,0.2,0.02778,4
93,215,-0.034,0.0,0.05026,2.0,0.0,72,2,0.0,0,5.0,6,0.0415,0.00028,0.0251285647499,4,0.33007,3.73573,0.029,0.01075,4
56,130,0.016,0.0,0.08442,2.0,0.0,46,2,0.0,0,6.0,8,0.10133,0.00144,0.0422077922078,5,0.356,4.05129,0.07,0.01786,4
127,280,0.048,0.0,0.035,2.0,0.0,102,2,0.0,0,54.0,57,0.03464,0.00032,0.0174978127734,52,0.33933,3.75287,0.029,0.00787,4
127,308,-0.002,0.034,0.0385,2.0,0.0,105,3,0.017,0,8.0,11,0.03462,0.00057,0.0192475940507,5,0.51561,4.33095,0.038,0.00787,4
114,288,-0.097,0.021,0.04471,2.0,0.0,96,3,0.019,0,7.0,10,0.05112,0.00089,0.022356776898,5,0.67601,4.6986,0.053,0.00877,4
84,221,-0.162,0.0,0.0634,2.0,0.0,75,2,0.0,0,9.0,16,0.10553,0.00302,0.0316982214573,6,0.40643,4.61374,0.121,0.0119,4
108,258,-0.012,0.0,0.04465,2.0,0.0,88,2,0.0,0,5.0,6,0.03598,0.00054,0.0223260643821,3,0.44345,4.33855,0.041,0.00926,4
238,0,0.126,0.06,0.01496,1.0,0.0,268,3,0.031,1,19.0,25,0.10656,0,0.0149629472042,0,0.18256,6.30262,1.511,0.0042,4
143,360,-0.016,0.023,0.03546,2.0,0.0,119,3,0.008,0,22.0,27,0.05334,0.00052,0.0177287501231,19,0.46937,4.53609,0.046,0.00699,4
121,322,-0.059,0.055,0.04435,2.0,0.0,105,3,0.044,0,18.0,23,0.0834,0.00344,0.0221763085399,12,0.41073,5.30334,0.141,0.00826,4
126,320,0.069,0.034,0.04063,2.0,0.0,107,3,0.02,0,18.0,24,0.08062,0.00089,0.0203174603175,15,0.34169,4.57953,0.056,0.00794,4
127,302,-0.099,0.009,0.03775,2.0,0.0,104,2,0.0,0,32.0,37,0.03667,0.00023,0.0188726409199,30,0.45423,4.00649,0.029,0.00787,4
107,274,-0.137,0.005,0.04832,2.0,0.0,92,2,0.0,0,6.0,8,0.05293,0.00102,0.024157996826,4,0.57325,5.16358,0.068,0.00935,4
113,297,0.169,0.027,0.04693,2.0,0.0,93,3,0.011,0,6.0,8,0.05454,0.0014,0.0234671302149,4,0.41533,4.60653,0.073,0.00885,4
64,154,0.025,0.043,0.07639,2.0,0.0,55,2,0.0,0,8.0,10,0.07496,0.00223,0.0381944444444,6,0.4883,4.28418,0.083,0.01562,4
111,0,0.009,0.019,0.03407,1.0,0.0,119,3,0.013,1,15.0,20,0.14478,0,0.0340704340704,0,0.28254,6.26039,1.054,0.00901,4
114,263,-0.147,0.0,0.04083,2.0,0.0,95,2,0.0,0,1.0,2,0.03327,0.00025,0.0204160844589,1,0.34347,4.06994,0.033,0.00877,4
142,358,-0.112,0.02,0.03576,2.0,0.0,121,3,0.006,0,12.0,20,0.07417,0.00061,0.0178803316352,10,0.36629,4.42265,0.05,0.00704,4
73,184,-0.025,0.029,0.07002,2.0,0.0,58,3,0.03,0,5.0,7,0.06937,0.00111,0.0350076103501,3,0.53716,4.68375,0.065,0.0137,4
88,229,-0.162,0.013,0.05982,2.0,0.0,75,2,0.0,0,7.0,9,0.09542,0.00141,0.0299111807732,4,0.33004,4.72012,0.089,0.01136,4
141,338,-0.02,0.0,0.03425,2.0,0.0,115,2,0.0,0,12.0,16,0.03936,0.00051,0.0171225937183,9,0.44764,4.21765,0.037,0.00709,4
52,108,0.053,0.0,0.08145,2.0,0.0,41,2,0.0,0,2.0,3,0.05753,0.00051,0.0407239819005,2,0.16566,3.32987,0.039,0.01923,4
50,114,-0.14,0.0,0.09306,2.0,0.0,42,2,0.0,0,4.0,6,0.08862,0.00187,0.0465306122449,3,0.55756,3.97819,0.078,0.02,4
90,208,-0.098,0.017,0.05194,2.0,0.0,75,2,0.0,0,5.0,7,0.04762,0.0005,0.0259675405743,4,0.46737,4.00427,0.043,0.01111,4
137,331,-0.222,0.0,0.03553,2.0,0.0,113,2,0.0,0,17.0,23,0.04978,0.00054,0.0177651352512,13,0.32507,4.14051,0.045,0.0073,4
158,0,-0.071,0.026,0.0233,1.0,0.0,164,3,0.03,1,23.0,29,0.08847,0,0.0233008143191,0,0.38477,5.87404,1.034,0.00633,4
101,251,0.048,0.066,0.0497,2.0,0.0,81,3,0.036,0,5.0,6,0.04066,0.00093,0.0248514851485,3,0.96478,5.00467,0.062,0.0099,4
41,108,-0.256,0.004,0.13171,2.0,0.0,34,2,0.0,0,4.0,6,0.18572,0.00851,0.0658536585366,3,0.66636,4.861,0.211,0.02439,4
44,109,-0.014,0.0,0.11522,2.0,0.0,35,2,0.0,0,3.0,4,0.10472,0.00365,0.0576109936575,2,0.54105,4.74416,0.128,0.02273,4
118,320,-0.05,0.025,0.04636,2.0,0.0,105,3,0.011,0,8.0,12,0.08649,0.0031,0.0231783282631,6,0.50396,5.22332,0.138,0.00847,4
172,0,-0.147,0.018,0.0221,1.0,0.0,189,3,0.031,1,25.0,32,0.08758,0,0.0220998232014,0,0.36418,6.48213,1.123,0.00581,4
76,184,-0.108,0.004,0.06456,2.0,0.0,64,2,0.0,0,4.0,5,0.05656,0.00067,0.0322807017544,2,0.47618,4.30243,0.051,0.01316,4
173,0,0.341,0.236,0.02097,1.0,0.0,184,6,0.063,1,34.0,45,0.06078,0,0.0209705605592,0,0.20665,12.22813,1.046,0.00578,4
64,147,0.045,0.0,0.07292,2.0,0.0,51,2,0.0,0,3.0,4,0.05568,0.00047,0.0364583333333,2,0.49109,3.97786,0.038,0.01563,4
131,302,-0.05,0.0,0.03547,2.0,0.0,107,2,0.0,0,30.0,41,0.04485,0.0002,0.0177334116265,24,0.60101,4.07004,0.025,0.00763,4
34,96,-0.227,0.043,0.17112,2.0,0.0,30,3,0.042,0,4.0,6,0.27666,0.03732,0.0855614973262,3,0.47099,7.03508,0.645,0.02941,4
122,0,-0.029,0.02,0.02913,1.0,0.0,123,3,0.02,1,36.0,47,0.06283,0,0.02912884433,0,0.36823,6.19895,1.018,0.0082,4
86,209,-0.057,0.0,0.05718,2.0,0.0,74,2,0.0,0,5.0,7,0.05313,0.00122,0.0285909712722,4,0.54207,4.62932,0.067,0.01163,4
81,177,-0.154,0.0,0.05463,2.0,0.0,69,2,0.0,0,6.0,8,0.0517,0.00028,0.0273148148148,5,0.43916,3.64953,0.031,0.01235,4
54,128,-0.037,0.01,0.08945,2.0,0.0,43,2,0.0,0,19.0,24,0.07961,0.00046,0.0447239692523,16,0.56825,4.05692,0.041,0.01852,4
111,0,-0.186,0.019,0.0344,1.0,0.0,112,3,0.029,1,18.0,24,0.11035,0,0.034398034398,0,0.46294,6.54757,1.024,0.00901,4
171,450,-0.056,0.022,0.03096,2.0,0.0,153,3,0.012,0,16.0,25,0.05004,0.00141,0.015479876161,11,0.4647,5.36394,0.082,0.00585,4
81,178,0.071,0.008,0.05494,2.0,0.0,68,2,0.0,0,6.0,9,0.04846,0.00035,0.0274691358025,4,0.41781,3.56714,0.029,0.01235,4
64,147,-0.004,0.0,0.07292,2.0,0.0,56,2,0.0,0,7.0,9,0.08911,0.00168,0.0364583333333,5,0.4312,4.48526,0.086,0.01562,4
54,128,-0.022,0.0,0.08945,2.0,0.0,40,2,0.0,0,1.0,2,0.07532,0.00056,0.0447239692523,1,0.69241,4.36829,0.05,0.01852,4
102,274,-0.029,0.003,0.05319,2.0,0.0,86,2,0.0,0,12.0,16,0.11545,0.00102,0.0265967773248,10,0.51064,5.04995,0.071,0.0098,4
104,271,-0.114,0.016,0.0506,2.0,0.0,93,3,0.02,0,6.0,9,0.07157,0.00227,0.0252987303958,4,0.41648,4.98632,0.116,0.00962,4
140,336,-0.03,0.017,0.03453,2.0,0.0,117,3,0.011,0,6.0,8,0.03269,0.00027,0.0172661870504,4,0.28955,4.04849,0.033,0.00714,4
123,277,0.017,0.005,0.03692,2.0,0.0,97,2,0.0,0,5.0,7,0.03104,0.00015,0.0184592829535,4,0.4117,3.69027,0.02,0.00813,4
71,171,-0.253,0.028,0.06881,2.0,0.0,59,3,0.023,0,9.0,12,0.07229,0.00109,0.0344064386318,6,0.27947,3.75081,0.054,0.01408,4
99,228,-0.063,0.0,0.047,2.0,0.0,81,2,0.0,0,8.0,11,0.03996,0.00082,0.0235003092146,6,0.57927,4.15151,0.045,0.0101,4
143,340,-0.049,0.0,0.03349,2.0,0.0,119,2,0.0,0,48.0,53,0.03098,0.00036,0.0167438195607,46,0.62585,4.44546,0.034,0.00699,4
84,191,0.13,0.0,0.05479,2.0,0.0,69,2,0.0,0,17.0,23,0.064,0.00067,0.0273952954676,13,0.34201,3.74547,0.041,0.0119,4
57,174,-0.193,0.0,0.10902,3.0,0.0,59,2,0.0,0,7.0,10,0.19548,0.02514,0.0545112781955,4,0.38384,7.73363,0.588,0.01754,4
31,70,-0.063,0.0,0.15054,2.0,0.0,28,2,0.0,0,5.0,7,0.13004,0.00482,0.0752688172043,3,0.56613,3.97716,0.127,0.03226,4
59,145,-0.156,0.04,0.08475,2.0,0.0,51,3,0.028,0,5.0,6,0.07007,0.00399,0.0423728813559,3,0.67342,4.80987,0.123,0.01695,4
127,316,-0.068,0.017,0.0395,2.0,0.0,106,3,0.013,0,6.0,11,0.03929,0.00067,0.0197475315586,4,0.47818,4.464,0.046,0.00787,4
94,271,-0.188,0.013,0.062,2.0,0.0,83,3,0.022,0,8.0,12,0.17779,0.00357,0.0309997712194,5,0.48559,5.915,0.157,0.01064,4
74,186,-0.069,0.049,0.06886,2.0,0.0,63,3,0.014,0,6.0,8,0.06783,0.00347,0.0344316919659,4,0.65786,4.94278,0.118,0.01351,4
78,187,0.052,0.007,0.06227,2.0,0.0,61,2,0.0,0,4.0,6,0.05785,0.00055,0.0311355311355,3,0.52457,4.19241,0.04,0.01282,4
83,0,0.031,0.077,0.03996,1.0,0.0,85,3,0.075,1,27.0,35,0.08039,0,0.0399647369968,0,0.19218,4.89324,1.095,0.01205,4
63,164,-0.124,0.047,0.08397,2.0,0.0,57,2,0.0,0,6.0,9,0.08416,0.0036,0.041986687148,4,0.25297,4.7756,0.127,0.01587,4
98,257,-0.144,0.008,0.05407,2.0,0.0,87,2,0.0,0,10.0,13,0.08467,0.00182,0.0270355564906,8,0.51898,4.98102,0.09,0.0102,4
72,174,-0.025,0.055,0.06808,2.0,0.0,62,3,0.012,0,6.0,8,0.05896,0.00197,0.0340375586854,4,0.5505,4.38129,0.068,0.01389,4
116,294,-0.152,0.0,0.04408,2.0,0.0,96,2,0.0,0,6.0,7,0.04914,0.00129,0.0220389805097,4,0.5077,4.89686,0.071,0.00862,4
94,234,-0.146,0.013,0.05353,2.0,0.0,79,3,0.014,0,6.0,9,0.04651,0.00196,0.0267673301304,4,0.50335,5.31482,0.109,0.01064,4
95,245,0.077,0.008,0.05487,2.0,0.0,75,2,0.0,0,26.0,31,0.08714,0.0005,0.0274356103024,21,0.46483,4.29171,0.039,0.01053,4
75,172,-0.049,0.0,0.06198,2.0,0.0,60,2,0.0,0,15.0,18,0.06899,0.00027,0.030990990991,12,0.4482,3.65938,0.027,0.01333,4
67,156,-0.106,0.0,0.07056,2.0,0.0,55,2,0.0,0,9.0,12,0.09581,0.00092,0.0352781546811,7,0.69953,5.01786,0.071,0.01493,4
93,234,-0.19,0.002,0.0547,2.0,0.0,76,2,0.0,0,14.0,16,0.07563,0.0007,0.0273492286115,12,0.43531,4.80261,0.063,0.01075,4
72,181,0.024,0.062,0.07081,2.0,0.0,61,3,0.032,0,9.0,13,0.08225,0.00184,0.035406885759,7,0.61016,4.91401,0.079,0.01389,4
59,140,-0.167,0.0,0.08182,2.0,0.0,51,2,0.0,0,3.0,4,0.06765,0.0021,0.0409117475161,2,0.49702,4.65044,0.098,0.01695,4
86,200,0.028,0.0,0.05472,2.0,0.0,74,2,0.0,0,3.0,4,0.03999,0.00063,0.0273597811218,2,0.51181,4.20926,0.047,0.01163,4
78,195,-0.158,0.0,0.06494,2.0,0.0,69,2,0.0,0,4.0,5,0.06171,0.00114,0.0324675324675,3,0.68607,4.97048,0.073,0.01282,4
119,288,-0.15,0.0,0.04102,2.0,0.0,98,2,0.0,0,5.0,6,0.03749,0.00029,0.0205098988748,4,0.62607,4.37003,0.035,0.0084,4
133,0,-0.077,0.0,0.0278,1.0,0.0,140,2,0.0,1,46.0,61,0.05192,0,0.0277967646389,0,0.28719,6.48787,1.007,0.00752,4
142,0,-0.022,0.0,0.02597,1.0,0.0,148,2,0.0,1,34.0,46,0.06229,0,0.0259714314254,0,0.40037,5.95161,1.015,0.00704,4
94,268,-0.17,0.018,0.06131,2.0,0.0,85,3,0.007,0,13.0,18,0.13433,0.00548,0.0306566003203,10,0.43364,5.72103,0.184,0.01064,4
96,225,-0.111,0.0,0.04934,2.0,0.0,74,2,0.0,0,13.0,16,0.05942,0.00032,0.0246710526316,11,0.28867,3.81548,0.034,0.01042,4
71,168,-0.029,0.0,0.06761,2.0,0.0,58,2,0.0,0,5.0,6,0.05293,0.00112,0.0338028169014,3,0.52381,4.28598,0.056,0.01408,4
103,232,0.014,0.0,0.04417,2.0,0.0,83,2,0.0,0,5.0,6,0.03718,0.00023,0.0220826194555,4,0.39893,3.74425,0.025,0.00971,4
92,0,-0.004,0.0,0.03846,1.0,0.0,96,2,0.0,1,28.0,38,0.08082,0,0.0384615384615,0,0.28613,5.43029,1.023,0.01087,4
57,137,0.03,0.027,0.08584,2.0,0.0,47,2,0.0,0,2.0,3,0.06077,0.00076,0.0429197994987,2,0.57487,4.21356,0.05,0.01754,4
103,251,-0.157,0.018,0.04778,2.0,0.0,87,3,0.02,0,8.0,10,0.07524,0.00119,0.023891109842,5,0.3998,4.20932,0.064,0.00971,4
83,207,-0.211,0.0,0.06083,2.0,0.0,74,2,0.0,0,16.0,18,0.08063,0.00118,0.030414340288,14,0.64,5.14748,0.088,0.01205,4
87,213,-0.011,0.052,0.05694,2.0,0.0,72,3,0.021,0,2.0,3,0.04208,0.00069,0.0284683239775,2,0.63296,4.86429,0.052,0.01149,4
78,191,-0.198,0.0,0.0636,2.0,0.0,67,2,0.0,0,2.0,3,0.07169,0.00138,0.0318015318015,2,0.26804,4.59304,0.089,0.01282,4
107,257,0.062,0.0,0.04532,2.0,0.0,88,2,0.0,0,8.0,12,0.04262,0.00145,0.0226591430083,6,0.45163,4.23969,0.059,0.00935,4
57,138,-0.219,0.0,0.08647,2.0,0.0,51,2,0.0,0,6.0,8,0.08943,0.00357,0.0432330827068,4,0.48181,4.66889,0.13,0.01754,4
118,310,-0.141,0.021,0.04491,2.0,0.0,100,3,0.004,0,24.0,30,0.06369,0.00088,0.0224540055049,15,0.56053,5.03343,0.061,0.00847,4
124,275,-0.003,0.0,0.03606,2.0,0.0,101,2,0.0,0,28.0,31,0.04932,0.00014,0.0180304222397,26,0.40773,3.68957,0.021,0.00806,4
103,247,-0.038,0.024,0.04702,2.0,0.0,88,2,0.0,0,4.0,6,0.04323,0.00081,0.0235103750238,3,0.59861,4.20847,0.046,0.00971,4
115,0,-0.005,0.056,0.03143,1.0,0.0,115,3,0.067,1,34.0,41,0.06466,0,0.0314263920671,0,0.60737,6.12572,1.013,0.0087,4
101,264,-0.141,0.0,0.05228,2.0,0.0,89,2,0.0,0,7.0,10,0.07705,0.00397,0.0261386138614,5,0.52927,5.43135,0.151,0.0099,4
115,302,-0.135,0.0,0.04607,2.0,0.0,95,2,0.0,0,15.0,23,0.1114,0.00122,0.0230358504958,10,0.50861,4.79335,0.07,0.0087,4
72,173,0.011,0.0,0.06768,2.0,0.0,60,2,0.0,0,6.0,8,0.0553,0.00075,0.0338419405321,5,0.45468,4.1482,0.048,0.01389,4
92,0,-0.15,0.007,0.04419,1.0,0.0,107,3,0.011,1,24.0,30,0.07884,0,0.0441949354993,0,0.3096,8.59138,1.042,0.01087,4
170,0,0.114,0.022,0.02109,1.0,0.0,188,3,0.017,1,31.0,39,0.06847,0,0.0210929342151,0,0.23487,5.74089,1.118,0.00588,4
78,191,-0.057,0.03,0.0636,2.0,0.0,64,3,0.018,0,6.0,10,0.05709,0.00061,0.0318015318015,4,0.42644,4.26002,0.046,0.01282,4
126,328,-0.097,0.009,0.04165,2.0,0.0,106,2,0.0,0,26.0,37,0.06943,0.00081,0.0208253968254,17,0.60969,4.70903,0.053,0.00794,4
84,211,-0.193,0.0,0.06053,2.0,0.0,72,2,0.0,0,8.0,11,0.07009,0.00073,0.030263912794,6,0.56047,4.9032,0.059,0.0119,4
140,346,-0.002,0.0,0.03556,2.0,0.0,119,2,0.0,0,17.0,22,0.04993,0.00051,0.017780061665,13,0.56015,4.63862,0.043,0.00714,4
74,0,-0.192,0.047,0.05368,1.0,0.0,76,3,0.048,1,13.0,17,0.13604,0,0.0536838208071,0,0.47962,7.60233,1.051,0.01351,4
91,203,0.032,0.006,0.04957,2.0,0.0,72,2,0.0,0,10.0,14,0.0475,0.00022,0.0247863247863,8,0.35778,3.62557,0.026,0.01099,4
186,0,0.074,0.018,0.01813,1.0,0.0,200,3,0.019,1,37.0,52,0.05774,0,0.0181342632956,0,0.18585,4.91456,1.15,0.00538,4
93,220,-0.025,0.012,0.05143,2.0,0.0,75,2,0.0,0,3.0,4,0.04455,0.00054,0.0257129499766,2,0.53717,4.63086,0.048,0.01075,4
110,0,-0.143,0.01,0.03336,1.0,0.0,112,3,0.005,1,31.0,40,0.0675,0,0.0333611342786,0,0.34757,6.14222,1.007,0.00909,4
110,267,0.045,0.015,0.04454,2.0,0.0,89,2,0.0,0,8.0,12,0.04157,0.00032,0.0222685571309,6,0.51686,4.14931,0.032,0.00909,4
77,204,-0.245,0.0,0.06972,2.0,0.0,69,2,0.0,0,5.0,7,0.08677,0.00374,0.0348598769651,4,0.56236,5.61981,0.145,0.01299,4
53,118,0.026,0.0,0.08563,2.0,0.0,43,2,0.0,0,3.0,4,0.0585,0.0006,0.0428156748911,2,0.43329,3.67653,0.04,0.01887,4
111,261,-0.083,0.014,0.04275,2.0,0.0,96,2,0.0,0,5.0,7,0.03578,0.00066,0.0213759213759,3,0.48693,4.09208,0.045,0.00901,4
128,291,-0.051,0.004,0.0358,2.0,0.0,105,2,0.0,0,35.0,39,0.03932,0.0001,0.0179010826772,33,0.49079,3.76419,0.017,0.00781,4
120,291,-0.071,0.0,0.04076,2.0,0.0,100,2,0.0,0,27.0,36,0.06912,0.00053,0.0203781512605,18,0.59008,4.40968,0.039,0.00833,4
88,209,-0.093,0.0,0.0546,2.0,0.0,74,2,0.0,0,8.0,10,0.05696,0.00121,0.0272988505747,6,0.49607,4.03556,0.055,0.01136,4
40,94,-0.19,0.0,0.12051,2.0,0.0,33,2,0.0,0,4.0,5,0.09674,0.00273,0.0602564102564,3,0.2385,3.90213,0.092,0.025,4
126,304,-0.021,0.003,0.0386,2.0,0.0,101,2,0.0,0,22.0,28,0.04697,0.00119,0.0193015873016,17,0.4616,4.2591,0.053,0.00794,4
36,84,-0.128,0.0,0.13333,2.0,0.0,31,2,0.0,0,14.0,16,0.14121,0.00836,0.0666666666667,12,0.71581,4.77904,0.2,0.02778,4
93,215,-0.034,0.0,0.05026,2.0,0.0,72,2,0.0,0,5.0,6,0.0415,0.00028,0.0251285647499,4,0.33007,3.73573,0.029,0.01075,4
56,130,0.016,0.0,0.08442,2.0,0.0,46,2,0.0,0,6.0,8,0.10133,0.00144,0.0422077922078,5,0.356,4.05129,0.07,0.01786,4
127,280,0.048,0.0,0.035,2.0,0.0,102,2,0.0,0,54.0,57,0.03464,0.00032,0.0174978127734,52,0.33933,3.75287,0.029,0.00787,4
127,308,-0.002,0.034,0.0385,2.0,0.0,105,3,0.017,0,8.0,11,0.03462,0.00057,0.0192475940507,5,0.51561,4.33095,0.038,0.00787,4
114,288,-0.097,0.021,0.04471,2.0,0.0,96,3,0.019,0,7.0,10,0.05112,0.00089,0.022356776898,5,0.67601,4.6986,0.053,0.00877,4
84,221,-0.162,0.0,0.0634,2.0,0.0,75,2,0.0,0,9.0,16,0.10553,0.00302,0.0316982214573,6,0.40643,4.61374,0.121,0.0119,4
108,258,-0.012,0.0,0.04465,2.0,0.0,88,2,0.0,0,5.0,6,0.03598,0.00054,0.0223260643821,3,0.44345,4.33855,0.041,0.00926,4
238,0,0.126,0.06,0.01496,1.0,0.0,268,3,0.031,1,19.0,25,0.10656,0,0.0149629472042,0,0.18256,6.30262,1.511,0.0042,4
143,360,-0.016,0.023,0.03546,2.0,0.0,119,3,0.008,0,22.0,27,0.05334,0.00052,0.0177287501231,19,0.46937,4.53609,0.046,0.00699,4
121,322,-0.059,0.055,0.04435,2.0,0.0,105,3,0.044,0,18.0,23,0.0834,0.00344,0.0221763085399,12,0.41073,5.30334,0.141,0.00826,4
126,320,0.069,0.034,0.04063,2.0,0.0,107,3,0.02,0,18.0,24,0.08062,0.00089,0.0203174603175,15,0.34169,4.57953,0.056,0.00794,4
127,302,-0.099,0.009,0.03775,2.0,0.0,104,2,0.0,0,32.0,37,0.03667,0.00023,0.0188726409199,30,0.45423,4.00649,0.029,0.00787,4
107,274,-0.137,0.005,0.04832,2.0,0.0,92,2,0.0,0,6.0,8,0.05293,0.00102,0.024157996826,4,0.57325,5.16358,0.068,0.00935,4
113,297,0.169,0.027,0.04693,2.0,0.0,93,3,0.011,0,6.0,8,0.05454,0.0014,0.0234671302149,4,0.41533,4.60653,0.073,0.00885,4
64,154,0.025,0.043,0.07639,2.0,0.0,55,2,0.0,0,8.0,10,0.07496,0.00223,0.0381944444444,6,0.4883,4.28418,0.083,0.01562,4
111,0,0.009,0.019,0.03407,1.0,0.0,119,3,0.013,1,15.0,20,0.14478,0,0.0340704340704,0,0.28254,6.26039,1.054,0.00901,4
114,263,-0.147,0.0,0.04083,2.0,0.0,95,2,0.0,0,1.0,2,0.03327,0.00025,0.0204160844589,1,0.34347,4.06994,0.033,0.00877,4
142,358,-0.112,0.02,0.03576,2.0,0.0,121,3,0.006,0,12.0,20,0.07417,0.00061,0.0178803316352,10,0.36629,4.42265,0.05,0.00704,4
73,184,-0.025,0.029,0.07002,2.0,0.0,58,3,0.03,0,5.0,7,0.06937,0.00111,0.0350076103501,3,0.53716,4.68375,0.065,0.0137,4
88,229,-0.162,0.013,0.05982,2.0,0.0,75,2,0.0,0,7.0,9,0.09542,0.00141,0.0299111807732,4,0.33004,4.72012,0.089,0.01136,4
141,338,-0.02,0.0,0.03425,2.0,0.0,115,2,0.0,0,12.0,16,0.03936,0.00051,0.0171225937183,9,0.44764,4.21765,0.037,0.00709,4
52,108,0.053,0.0,0.08145,2.0,0.0,41,2,0.0,0,2.0,3,0.05753,0.00051,0.0407239819005,2,0.16566,3.32987,0.039,0.01923,4
50,114,-0.14,0.0,0.09306,2.0,0.0,42,2,0.0,0,4.0,6,0.08862,0.00187,0.0465306122449,3,0.55756,3.97819,0.078,0.02,4
90,208,-0.098,0.017,0.05194,2.0,0.0,75,2,0.0,0,5.0,7,0.04762,0.0005,0.0259675405743,4,0.46737,4.00427,0.043,0.01111,4
137,331,-0.222,0.0,0.03553,2.0,0.0,113,2,0.0,0,17.0,23,0.04978,0.00054,0.0177651352512,13,0.32507,4.14051,0.045,0.0073,4
158,0,-0.071,0.026,0.0233,1.0,0.0,164,3,0.03,1,23.0,29,0.08847,0,0.0233008143191,0,0.38477,5.87404,1.034,0.00633,4
101,251,0.048,0.066,0.0497,2.0,0.0,81,3,0.036,0,5.0,6,0.04066,0.00093,0.0248514851485,3,0.96478,5.00467,0.062,0.0099,4
41,108,-0.256,0.004,0.13171,2.0,0.0,34,2,0.0,0,4.0,6,0.18572,0.00851,0.0658536585366,3,0.66636,4.861,0.211,0.02439,4
44,109,-0.014,0.0,0.11522,2.0,0.0,35,2,0.0,0,3.0,4,0.10472,0.00365,0.0576109936575,2,0.54105,4.74416,0.128,0.02273,4
118,320,-0.05,0.025,0.04636,2.0,0.0,105,3,0.011,0,8.0,12,0.08649,0.0031,0.0231783282631,6,0.50396,5.22332,0.138,0.00847,4
172,0,-0.147,0.018,0.0221,1.0,0.0,189,3,0.031,1,25.0,32,0.08758,0,0.0220998232014,0,0.36418,6.48213,1.123,0.00581,4
76,184,-0.108,0.004,0.06456,2.0,0.0,64,2,0.0,0,4.0,5,0.05656,0.00067,0.0322807017544,2,0.47618,4.30243,0.051,0.01316,4
173,0,0.341,0.236,0.02097,1.0,0.0,184,6,0.063,1,34.0,45,0.06078,0,0.0209705605592,0,0.20665,12.22813,1.046,0.00578,4
64,147,0.045,0.0,0.07292,2.0,0.0,51,2,0.0,0,3.0,4,0.05568,0.00047,0.0364583333333,2,0.49109,3.97786,0.038,0.01563,4
131,302,-0.05,0.0,0.03547,2.0,0.0,107,2,0.0,0,30.0,41,0.04485,0.0002,0.0177334116265,24,0.60101,4.07004,0.025,0.00763,4
34,96,-0.227,0.043,0.17112,2.0,0.0,30,3,0.042,0,4.0,6,0.27666,0.03732,0.0855614973262,3,0.47099,7.03508,0.645,0.02941,4
122,0,-0.029,0.02,0.02913,1.0,0.0,123,3,0.02,1,36.0,47,0.06283,0,0.02912884433,0,0.36823,6.19895,1.018,0.0082,4
86,209,-0.057,0.0,0.05718,2.0,0.0,74,2,0.0,0,5.0,7,0.05313,0.00122,0.0285909712722,4,0.54207,4.62932,0.067,0.01163,4
81,177,-0.154,0.0,0.05463,2.0,0.0,69,2,0.0,0,6.0,8,0.0517,0.00028,0.0273148148148,5,0.43916,3.64953,0.031,0.01235,4
54,128,-0.037,0.01,0.08945,2.0,0.0,43,2,0.0,0,19.0,24,0.07961,0.00046,0.0447239692523,16,0.56825,4.05692,0.041,0.01852,4
111,0,-0.186,0.019,0.0344,1.0,0.0,112,3,0.029,1,18.0,24,0.11035,0,0.034398034398,0,0.46294,6.54757,1.024,0.00901,4
171,450,-0.056,0.022,0.03096,2.0,0.0,153,3,0.012,0,16.0,25,0.05004,0.00141,0.015479876161,11,0.4647,5.36394,0.082,0.00585,4
81,178,0.071,0.008,0.05494,2.0,0.0,68,2,0.0,0,6.0,9,0.04846,0.00035,0.0274691358025,4,0.41781,3.56714,0.029,0.01235,4
64,147,-0.004,0.0,0.07292,2.0,0.0,56,2,0.0,0,7.0,9,0.08911,0.00168,0.0364583333333,5,0.4312,4.48526,0.086,0.01562,4
54,128,-0.022,0.0,0.08945,2.0,0.0,40,2,0.0,0,1.0,2,0.07532,0.00056,0.0447239692523,1,0.69241,4.36829,0.05,0.01852,4
102,274,-0.029,0.003,0.05319,2.0,0.0,86,2,0.0,0,12.0,16,0.11545,0.00102,0.0265967773248,10,0.51064,5.04995,0.071,0.0098,4
104,271,-0.114,0.016,0.0506,2.0,0.0,93,3,0.02,0,6.0,9,0.07157,0.00227,0.0252987303958,4,0.41648,4.98632,0.116,0.00962,4
140,336,-0.03,0.017,0.03453,2.0,0.0,117,3,0.011,0,6.0,8,0.03269,0.00027,0.0172661870504,4,0.28955,4.04849,0.033,0.00714,4
123,277,0.017,0.005,0.03692,2.0,0.0,97,2,0.0,0,5.0,7,0.03104,0.00015,0.0184592829535,4,0.4117,3.69027,0.02,0.00813,4
71,171,-0.253,0.028,0.06881,2.0,0.0,59,3,0.023,0,9.0,12,0.07229,0.00109,0.0344064386318,6,0.27947,3.75081,0.054,0.01408,4
99,228,-0.063,0.0,0.047,2.0,0.0,81,2,0.0,0,8.0,11,0.03996,0.00082,0.0235003092146,6,0.57927,4.15151,0.045,0.0101,4
143,340,-0.049,0.0,0.03349,2.0,0.0,119,2,0.0,0,48.0,53,0.03098,0.00036,0.0167438195607,46,0.62585,4.44546,0.034,0.00699,4
84,191,0.13,0.0,0.05479,2.0,0.0,69,2,0.0,0,17.0,23,0.064,0.00067,0.0273952954676,13,0.34201,3.74547,0.041,0.0119,4
57,174,-0.193,0.0,0.10902,3.0,0.0,59,2,0.0,0,7.0,10,0.19548,0.02514,0.0545112781955,4,0.38384,7.73363,0.588,0.01754,4
31,70,-0.063,0.0,0.15054,2.0,0.0,28,2,0.0,0,5.0,7,0.13004,0.00482,0.0752688172043,3,0.56613,3.97716,0.127,0.03226,4
59,145,-0.156,0.04,0.08475,2.0,0.0,51,3,0.028,0,5.0,6,0.07007,0.00399,0.0423728813559,3,0.67342,4.80987,0.123,0.01695,4
127,316,-0.068,0.017,0.0395,2.0,0.0,106,3,0.013,0,6.0,11,0.03929,0.00067,0.0197475315586,4,0.47818,4.464,0.046,0.00787,4
94,271,-0.188,0.013,0.062,2.0,0.0,83,3,0.022,0,8.0,12,0.17779,0.00357,0.0309997712194,5,0.48559,5.915,0.157,0.01064,4
74,186,-0.069,0.049,0.06886,2.0,0.0,63,3,0.014,0,6.0,8,0.06783,0.00347,0.0344316919659,4,0.65786,4.94278,0.118,0.01351,4
78,187,0.052,0.007,0.06227,2.0,0.0,61,2,0.0,0,4.0,6,0.05785,0.00055,0.0311355311355,3,0.52457,4.19241,0.04,0.01282,4
83,0,0.031,0.077,0.03996,1.0,0.0,85,3,0.075,1,27.0,35,0.08039,0,0.0399647369968,0,0.19218,4.89324,1.095,0.01205,4
63,164,-0.124,0.047,0.08397,2.0,0.0,57,2,0.0,0,6.0,9,0.08416,0.0036,0.041986687148,4,0.25297,4.7756,0.127,0.01587,4
98,257,-0.144,0.008,0.05407,2.0,0.0,87,2,0.0,0,10.0,13,0.08467,0.00182,0.0270355564906,8,0.51898,4.98102,0.09,0.0102,4
72,174,-0.025,0.055,0.06808,2.0,0.0,62,3,0.012,0,6.0,8,0.05896,0.00197,0.0340375586854,4,0.5505,4.38129,0.068,0.01389,4
116,294,-0.152,0.0,0.04408,2.0,0.0,96,2,0.0,0,6.0,7,0.04914,0.00129,0.0220389805097,4,0.5077,4.89686,0.071,0.00862,4
94,234,-0.146,0.013,0.05353,2.0,0.0,79,3,0.014,0,6.0,9,0.04651,0.00196,0.0267673301304,4,0.50335,5.31482,0.109,0.01064,4
95,245,0.077,0.008,0.05487,2.0,0.0,75,2,0.0,0,26.0,31,0.08714,0.0005,0.0274356103024,21,0.46483,4.29171,0.039,0.01053,4
75,172,-0.049,0.0,0.06198,2.0,0.0,60,2,0.0,0,15.0,18,0.06899,0.00027,0.030990990991,12,0.4482,3.65938,0.027,0.01333,4
67,156,-0.106,0.0,0.07056,2.0,0.0,55,2,0.0,0,9.0,12,0.09581,0.00092,0.0352781546811,7,0.69953,5.01786,0.071,0.01493,4
93,234,-0.19,0.002,0.0547,2.0,0.0,76,2,0.0,0,14.0,16,0.07563,0.0007,0.0273492286115,12,0.43531,4.80261,0.063,0.01075,4
72,181,0.024,0.062,0.07081,2.0,0.0,61,3,0.032,0,9.0,13,0.08225,0.00184,0.035406885759,7,0.61016,4.91401,0.079,0.01389,4
59,140,-0.167,0.0,0.08182,2.0,0.0,51,2,0.0,0,3.0,4,0.06765,0.0021,0.0409117475161,2,0.49702,4.65044,0.098,0.01695,4
86,200,0.028,0.0,0.05472,2.0,0.0,74,2,0.0,0,3.0,4,0.03999,0.00063,0.0273597811218,2,0.51181,4.20926,0.047,0.01163,4
78,195,-0.158,0.0,0.06494,2.0,0.0,69,2,0.0,0,4.0,5,0.06171,0.00114,0.0324675324675,3,0.68607,4.97048,0.073,0.01282,4
119,288,-0.15,0.0,0.04102,2.0,0.0,98,2,0.0,0,5.0,6,0.03749,0.00029,0.0205098988748,4,0.62607,4.37003,0.035,0.0084,4
133,0,-0.077,0.0,0.0278,1.0,0.0,140,2,0.0,1,46.0,61,0.05192,0,0.0277967646389,0,0.28719,6.48787,1.007,0.00752,4
142,0,-0.022,0.0,0.02597,1.0,0.0,148,2,0.0,1,34.0,46,0.06229,0,0.0259714314254,0,0.40037,5.95161,1.015,0.00704,4
94,268,-0.17,0.018,0.06131,2.0,0.0,85,3,0.007,0,13.0,18,0.13433,0.00548,0.0306566003203,10,0.43364,5.72103,0.184,0.01064,4
96,225,-0.111,0.0,0.04934,2.0,0.0,74,2,0.0,0,13.0,16,0.05942,0.00032,0.0246710526316,11,0.28867,3.81548,0.034,0.01042,4
71,168,-0.029,0.0,0.06761,2.0,0.0,58,2,0.0,0,5.0,6,0.05293,0.00112,0.0338028169014,3,0.52381,4.28598,0.056,0.01408,4
103,232,0.014,0.0,0.04417,2.0,0.0,83,2,0.0,0,5.0,6,0.03718,0.00023,0.0220826194555,4,0.39893,3.74425,0.025,0.00971,4
92,0,-0.004,0.0,0.03846,1.0,0.0,96,2,0.0,1,28.0,38,0.08082,0,0.0384615384615,0,0.28613,5.43029,1.023,0.01087,4
57,137,0.03,0.027,0.08584,2.0,0.0,47,2,0.0,0,2.0,3,0.06077,0.00076,0.0429197994987,2,0.57487,4.21356,0.05,0.01754,4
103,251,-0.157,0.018,0.04778,2.0,0.0,87,3,0.02,0,8.0,10,0.07524,0.00119,0.023891109842,5,0.3998,4.20932,0.064,0.00971,4
83,207,-0.211,0.0,0.06083,2.0,0.0,74,2,0.0,0,16.0,18,0.08063,0.00118,0.030414340288,14,0.64,5.14748,0.088,0.01205,4
87,213,-0.011,0.052,0.05694,2.0,0.0,72,3,0.021,0,2.0,3,0.04208,0.00069,0.0284683239775,2,0.63296,4.86429,0.052,0.01149,4
78,191,-0.198,0.0,0.0636,2.0,0.0,67,2,0.0,0,2.0,3,0.07169,0.00138,0.0318015318015,2,0.26804,4.59304,0.089,0.01282,4
107,257,0.062,0.0,0.04532,2.0,0.0,88,2,0.0,0,8.0,12,0.04262,0.00145,0.0226591430083,6,0.45163,4.23969,0.059,0.00935,4
57,138,-0.219,0.0,0.08647,2.0,0.0,51,2,0.0,0,6.0,8,0.08943,0.00357,0.0432330827068,4,0.48181,4.66889,0.13,0.01754,4
118,310,-0.141,0.021,0.04491,2.0,0.0,100,3,0.004,0,24.0,30,0.06369,0.00088,0.0224540055049,15,0.56053,5.03343,0.061,0.00847,4
124,275,-0.003,0.0,0.03606,2.0,0.0,101,2,0.0,0,28.0,31,0.04932,0.00014,0.0180304222397,26,0.40773,3.68957,0.021,0.00806,4
103,247,-0.038,0.024,0.04702,2.0,0.0,88,2,0.0,0,4.0,6,0.04323,0.00081,0.0235103750238,3,0.59861,4.20847,0.046,0.00971,4
115,0,-0.005,0.056,0.03143,1.0,0.0,115,3,0.067,1,34.0,41,0.06466,0,0.0314263920671,0,0.60737,6.12572,1.013,0.0087,4
101,264,-0.141,0.0,0.05228,2.0,0.0,89,2,0.0,0,7.0,10,0.07705,0.00397,0.0261386138614,5,0.52927,5.43135,0.151,0.0099,4
115,302,-0.135,0.0,0.04607,2.0,0.0,95,2,0.0,0,15.0,23,0.1114,0.00122,0.0230358504958,10,0.50861,4.79335,0.07,0.0087,4
72,173,0.011,0.0,0.06768,2.0,0.0,60,2,0.0,0,6.0,8,0.0553,0.00075,0.0338419405321,5,0.45468,4.1482,0.048,0.01389,4
92,0,-0.15,0.007,0.04419,1.0,0.0,107,3,0.011,1,24.0,30,0.07884,0,0.0441949354993,0,0.3096,8.59138,1.042,0.01087,4
170,0,0.114,0.022,0.02109,1.0,0.0,188,3,0.017,1,31.0,39,0.06847,0,0.0210929342151,0,0.23487,5.74089,1.118,0.00588,4
78,191,-0.057,0.03,0.0636,2.0,0.0,64,3,0.018,0,6.0,10,0.05709,0.00061,0.0318015318015,4,0.42644,4.26002,0.046,0.01282,4
126,328,-0.097,0.009,0.04165,2.0,0.0,106,2,0.0,0,26.0,37,0.06943,0.00081,0.0208253968254,17,0.60969,4.70903,0.053,0.00794,4
84,211,-0.193,0.0,0.06053,2.0,0.0,72,2,0.0,0,8.0,11,0.07009,0.00073,0.030263912794,6,0.56047,4.9032,0.059,0.0119,4
140,346,-0.002,0.0,0.03556,2.0,0.0,119,2,0.0,0,17.0,22,0.04993,0.00051,0.017780061665,13,0.56015,4.63862,0.043,0.00714,4
74,0,-0.192,0.047,0.05368,1.0,0.0,76,3,0.048,1,13.0,17,0.13604,0,0.0536838208071,0,0.47962,7.60233,1.051,0.01351,4
91,203,0.032,0.006,0.04957,2.0,0.0,72,2,0.0,0,10.0,14,0.0475,0.00022,0.0247863247863,8,0.35778,3.62557,0.026,0.01099,4
186,0,0.074,0.018,0.01813,1.0,0.0,200,3,0.019,1,37.0,52,0.05774,0,0.0181342632956,0,0.18585,4.91456,1.15,0.00538,4
93,220,-0.025,0.012,0.05143,2.0,0.0,75,2,0.0,0,3.0,4,0.04455,0.00054,0.0257129499766,2,0.53717,4.63086,0.048,0.01075,4
110,0,-0.143,0.01,0.03336,1.0,0.0,112,3,0.005,1,31.0,40,0.0675,0,0.0333611342786,0,0.34757,6.14222,1.007,0.00909,4
110,267,0.045,0.015,0.04454,2.0,0.0,89,2,0.0,0,8.0,12,0.04157,0.00032,0.0222685571309,6,0.51686,4.14931,0.032,0.00909,4
77,204,-0.245,0.0,0.06972,2.0,0.0,69,2,0.0,0,5.0,7,0.08677,0.00374,0.0348598769651,4,0.56236,5.61981,0.145,0.01299,4
53,118,0.026,0.0,0.08563,2.0,0.0,43,2,0.0,0,3.0,4,0.0585,0.0006,0.0428156748911,2,0.43329,3.67653,0.04,0.01887,4
111,261,-0.083,0.014,0.04275,2.0,0.0,96,2,0.0,0,5.0,7,0.03578,0.00066,0.0213759213759,3,0.48693,4.09208,0.045,0.00901,4
128,291,-0.051,0.004,0.0358,2.0,0.0,105,2,0.0,0,35.0,39,0.03932,0.0001,0.0179010826772,33,0.49079,3.76419,0.017,0.00781,4
120,291,-0.071,0.0,0.04076,2.0,0.0,100,2,0.0,0,27.0,36,0.06912,0.00053,0.0203781512605,18,0.59008,4.40968,0.039,0.00833,4
88,209,-0.093,0.0,0.0546,2.0,0.0,74,2,0.0,0,8.0,10,0.05696,0.00121,0.0272988505747,6,0.49607,4.03556,0.055,0.01136,4
40,94,-0.19,0.0,0.12051,2.0,0.0,33,2,0.0,0,4.0,5,0.09674,0.00273,0.0602564102564,3,0.2385,3.90213,0.092,0.025,4
126,304,-0.021,0.003,0.0386,2.0,0.0,101,2,0.0,0,22.0,28,0.04697,0.00119,0.0193015873016,17,0.4616,4.2591,0.053,0.00794,4
36,84,-0.128,0.0,0.13333,2.0,0.0,31,2,0.0,0,14.0,16,0.14121,0.00836,0.0666666666667,12,0.71581,4.77904,0.2,0.02778,4
93,215,-0.034,0.0,0.05026,2.0,0.0,72,2,0.0,0,5.0,6,0.0415,0.00028,0.0251285647499,4,0.33007,3.73573,0.029,0.01075,4
56,130,0.016,0.0,0.08442,2.0,0.0,46,2,0.0,0,6.0,8,0.10133,0.00144,0.0422077922078,5,0.356,4.05129,0.07,0.01786,4
127,280,0.048,0.0,0.035,2.0,0.0,102,2,0.0,0,54.0,57,0.03464,0.00032,0.0174978127734,52,0.33933,3.75287,0.029,0.00787,4
127,308,-0.002,0.034,0.0385,2.0,0.0,105,3,0.017,0,8.0,11,0.03462,0.00057,0.0192475940507,5,0.51561,4.33095,0.038,0.00787,4
114,288,-0.097,0.021,0.04471,2.0,0.0,96,3,0.019,0,7.0,10,0.05112,0.00089,0.022356776898,5,0.67601,4.6986,0.053,0.00877,4
84,221,-0.162,0.0,0.0634,2.0,0.0,75,2,0.0,0,9.0,16,0.10553,0.00302,0.0316982214573,6,0.40643,4.61374,0.121,0.0119,4
108,258,-0.012,0.0,0.04465,2.0,0.0,88,2,0.0,0,5.0,6,0.03598,0.00054,0.0223260643821,3,0.44345,4.33855,0.041,0.00926,4
238,0,0.126,0.06,0.01496,1.0,0.0,268,3,0.031,1,19.0,25,0.10656,0,0.0149629472042,0,0.18256,6.30262,1.511,0.0042,4
