29,69,-0.177,0.0,0.16995,2.0,0.0,21,2,0.0,0,1.0,2,0.11113,0.00119,0.0849753694581,1,0.50826,4.16865,0.074,0.03448,4
25,57,0.002,0.0,0.19,2.0,0.0,21,2,0.0,0,1.0,2,0.12156,0.00304,0.095,1,0.63088,4.02083,0.097,0.04,4
34,88,-0.119,0.0,0.15686,2.0,0.0,30,2,0.0,0,6.0,7,0.13943,0.02657,0.078431372549,4,0.59926,4.88261,0.333,0.02941,4
57,125,-0.027,0.0,0.07832,2.0,0.0,49,2,0.0,0,3.0,4,0.06183,0.00139,0.0391604010025,2,0.53484,4.1407,0.07,0.01754,4
25,55,-0.051,0.0,0.18333,2.0,0.0,19,2,0.0,0,1.0,2,0.12469,0.00174,0.0916666666667,1,0.60615,3.68251,0.08,0.04,4
34,98,-0.021,0.122,0.17469,2.0,0.0,27,3,0.097,0,3.0,4,0.18246,0.00702,0.0873440285205,2,1.56663,6.9324,0.225,0.02941,4
29,71,-0.051,0.0,0.17488,2.0,0.0,25,2,0.0,0,3.0,4,0.15178,0.00785,0.0874384236453,2,0.42302,4.83646,0.195,0.03448,4
45,104,-0.003,0.0,0.10505,2.0,0.0,37,2,0.0,0,5.0,7,0.08059,0.00395,0.0525252525253,4,0.62034,4.06712,0.095,0.02222,4
62,146,-0.081,0.0,0.07721,2.0,0.0,51,2,0.0,0,11.0,15,0.07895,0.00115,0.0386039132734,9,0.50927,4.11219,0.058,0.01613,4
44,95,0.113,0.0,0.10042,2.0,0.0,39,2,0.0,0,4.0,6,0.07524,0.00362,0.0502114164905,3,0.40446,3.78881,0.111,0.02273,4
27,0,-0.014,0.0,0.13105,1.0,0.0,26,2,0.0,1,10.0,13,0.2062,0,0.131054131054,0,0.24579,4.98879,1.0,0.03704,4
24,56,0.166,0.0,0.2029,2.0,0.0,20,2,0.0,0,2.0,4,0.11258,0.00231,0.101449275362,2,0.60069,3.92553,0.08,0.04167,4
78,0,0.072,0.08,0.04329,1.0,0.0,82,3,0.035,1,32.0,41,0.0675,0,0.04329004329,0,0.23443,5.31021,1.07,0.01282,4
35,73,-0.112,0.0,0.12269,2.0,0.0,25,2,0.0,0,2.0,3,0.07678,0.00056,0.0613445378151,2,0.25289,3.22219,0.047,0.02857,4
60,0,0.185,0.036,0.0548,1.0,0.0,59,3,0.022,1,28.0,37,0.07884,0,0.054802259887,0,0.16215,4.54,1.005,0.01667,4
23,56,-0.223,0.0,0.22134,2.0,0.0,18,2,0.0,0,6.0,8,0.21753,0.01092,0.110671936759,5,0.3323,4.05577,0.213,0.04348,4
20,48,-0.178,0.0,0.25263,2.0,0.0,15,2,0.0,0,1.0,2,0.17632,0.00439,0.126315789474,1,0.32905,4.15329,0.137,0.05,4
35,0,-0.087,0.028,0.11261,1.0,0.0,37,3,0.032,1,7.0,9,0.26549,0,0.112605042017,0,0.31406,6.65977,1.124,0.02857,4
29,68,0.061,0.0,0.16749,2.0,0.0,22,2,0.0,0,2.0,3,0.09397,0.00182,0.0837438423645,2,0.64536,4.15274,0.076,0.03448,4
32,69,-0.142,0.0,0.13911,2.0,0.0,25,2,0.0,0,1.0,2,0.09316,0.00108,0.0695564516129,1,0.33743,3.44767,0.065,0.03125,4
56,131,0.07,0.0,0.08506,2.0,0.0,52,2,0.0,0,8.0,12,0.15253,0.01966,0.0425324675325,6,0.20378,4.03107,0.31,0.01786,4
46,103,0.066,0.0,0.09952,2.0,0.0,37,2,0.0,0,12.0,15,0.08755,0.00114,0.0497584541063,11,0.53474,3.83996,0.056,0.02174,4
33,96,-0.112,0.0,0.18182,3.0,0.0,32,2,0.0,0,6.0,8,0.16289,0.02468,0.0909090909091,4,0.54123,5.65216,0.396,0.0303,4
26,65,-0.242,0.0,0.2,2.0,0.0,21,2,0.0,0,3.0,4,0.12659,0.00564,0.1,2,0.68947,4.80579,0.148,0.03846,4
32,69,-0.172,0.0,0.13911,2.0,0.0,27,2,0.0,0,1.0,2,0.09337,0.00188,0.0695564516129,1,0.10938,3.35739,0.083,0.03125,4
33,75,-0.173,0.0,0.14205,2.0,0.0,26,2,0.0,0,1.0,2,0.11476,0.00214,0.0710227272727,1,0.68164,4.28381,0.1,0.0303,4
37,91,0.056,0.036,0.13664,2.0,0.0,29,2,0.0,0,9.0,13,0.15042,0.00412,0.0683183183183,7,0.24742,3.79936,0.105,0.02703,4
23,62,-0.255,0.0,0.24506,2.0,0.0,19,2,0.0,0,2.0,3,0.18739,0.00922,0.122529644269,2,1.0401,5.81834,0.237,0.04348,4
29,87,0.067,0.148,0.21429,3.0,0.0,25,3,0.077,0,5.0,7,0.23876,0.05829,0.107142857143,4,0.66499,6.61376,0.672,0.03448,4
31,68,-0.111,0.0,0.14624,2.0,0.0,27,2,0.0,0,3.0,4,0.1304,0.00445,0.0731182795699,2,0.65971,3.89323,0.114,0.03226,4
29,74,-0.278,0.0,0.18227,2.0,0.0,24,2,0.0,0,8.0,10,0.17159,0.00529,0.0911330049261,7,0.26375,4.57875,0.167,0.03448,4
29,62,-0.033,0.0,0.15271,2.0,0.0,23,2,0.0,0,3.0,4,0.11905,0.00246,0.076354679803,2,0.25287,3.24511,0.074,0.03448,4
53,122,0.094,0.056,0.08853,2.0,0.0,41,3,0.028,0,7.0,9,0.08605,0.00178,0.044267053701,6,0.30087,3.9724,0.074,0.01887,4
70,0,-0.064,0.0,0.04762,1.0,0.0,72,2,0.0,1,28.0,37,0.0779,0,0.047619047619,0,0.32646,4.95302,1.026,0.01429,4
20,46,-0.136,0.0,0.24211,2.0,0.0,17,2,0.0,0,7.0,8,0.21826,0.00673,0.121052631579,6,0.67845,4.06541,0.158,0.05,4
42,101,0.001,0.037,0.11731,2.0,0.0,35,2,0.0,0,9.0,11,0.11559,0.0038,0.0586527293844,7,0.27786,3.96177,0.117,0.02381,4
28,62,0.049,0.0,0.16402,2.0,0.0,24,2,0.0,0,1.0,2,0.1032,0.00102,0.0820105820106,1,0.65909,3.78455,0.077,0.03571,4
20,0,-0.104,0.0,0.18947,1.0,0.0,19,2,0.0,1,6.0,8,0.30289,0,0.189473684211,0,0.5127,6.26431,1.0,0.05,4
38,91,-0.318,0.008,0.12945,2.0,0.0,31,2,0.0,0,8.0,11,0.17052,0.00166,0.0647226173542,6,0.2052,3.76533,0.087,0.02632,4
35,65,0.078,0.0,0.10924,1.0,0.0,30,2,0.0,0,8.0,9,0.07506,0.0002,0.0546218487395,8,0.20714,2.64123,0.02,0.02857,4
50,108,-0.099,0.0,0.08816,2.0,0.0,41,2,0.0,0,3.0,4,0.07414,0.00158,0.0440816326531,2,0.27959,3.51908,0.07,0.02,4
34,82,-0.2,0.0,0.14617,2.0,0.0,28,2,0.0,0,6.0,8,0.16471,0.0029,0.0730837789661,5,0.80515,4.55962,0.119,0.02941,4
24,58,-0.16,0.0,0.21014,2.0,0.0,20,2,0.0,0,3.0,5,0.18269,0.00675,0.105072463768,3,1.01105,4.82686,0.181,0.04167,4
20,45,0.157,0.0,0.23684,2.0,0.0,19,2,0.0,0,4.0,6,0.15606,0.0307,0.118421052632,3,0.44091,4.29443,0.289,0.05,4
38,79,0.03,0.0,0.11238,2.0,0.0,30,2,0.0,0,16.0,20,0.08868,0.00028,0.0561877667141,14,0.30921,3.1109,0.03,0.02632,4
32,0,-0.142,0.0,0.11895,1.0,0.0,32,2,0.0,1,6.0,9,0.27518,0,0.118951612903,0,0.30005,6.0719,1.02,0.03125,4
23,62,-0.198,0.0,0.24506,2.0,0.0,20,2,0.0,0,3.0,4,0.23419,0.0207,0.122529644269,2,0.98768,6.2477,0.372,0.04348,4
21,45,-0.262,0.0,0.21429,2.0,0.0,18,2,0.0,0,1.0,2,0.16231,0.00476,0.107142857143,1,0.14603,3.51646,0.133,0.04762,4
45,97,-0.023,0.0,0.09798,2.0,0.0,36,2,0.0,0,4.0,6,0.07274,0.0011,0.0489898989899,3,0.32259,3.34083,0.048,0.02222,4
32,0,-0.078,0.0,0.11089,1.0,0.0,31,2,0.0,1,13.0,17,0.13863,0,0.110887096774,0,0.2411,4.97158,1.0,0.03125,4
24,48,-0.091,0.0,0.17391,1.0,0.0,19,2,0.0,0,3.0,4,0.1294,0.00066,0.0869565217391,3,0.0,2.81993,0.043,0.04167,4
30,74,0.069,0.0,0.17011,2.0,0.0,23,2,0.0,0,4.0,5,0.12059,0.00567,0.0850574712644,3,0.37192,4.33753,0.138,0.03333,4
30,71,-0.115,0.012,0.16322,2.0,0.0,25,2,0.0,0,2.0,3,0.13677,0.00427,0.0816091954023,2,0.67854,4.38822,0.133,0.03333,4
26,54,-0.29,0.0,0.16615,1.0,0.0,23,2,0.0,0,1.0,2,0.11292,0.00282,0.0830769230769,1,0.17308,3.27792,0.105,0.03846,4
74,0,0.298,0.154,0.04813,1.0,0.0,76,4,0.094,1,28.0,35,0.07634,0,0.0481303221029,0,0.37078,6.88052,1.061,0.01351,4
34,91,-0.25,0.0,0.16221,2.0,0.0,30,2,0.0,0,4.0,6,0.16277,0.01905,0.0811051693405,3,0.64863,5.66132,0.317,0.02941,4
28,51,0.201,0.0,0.13492,2.0,0.0,24,2,0.0,0,2.0,3,0.08415,0.00071,0.0674603174603,2,0.2381,2.797,0.037,0.03571,4
28,74,0.108,0.153,0.19577,2.0,0.0,25,3,0.126,0,4.0,6,0.22127,0.04884,0.0978835978836,3,0.62955,5.65861,0.571,0.03571,4
22,59,-0.03,0.073,0.25541,2.0,0.0,19,3,0.032,0,4.0,6,0.24107,0.02468,0.127705627706,3,0.4213,5.80279,0.411,0.04545,4
30,68,-0.051,0.0,0.15632,2.0,0.0,24,2,0.0,0,1.0,2,0.09501,0.0009,0.0781609195402,1,0.68333,3.883,0.053,0.03333,4
93,0,0.05,0.019,0.03506,1.0,0.0,99,3,0.023,1,22.0,30,0.09259,0,0.0350631136045,0,0.19307,4.72503,1.098,0.01075,4
43,101,-0.062,0.0,0.11185,2.0,0.0,35,2,0.0,0,5.0,7,0.09585,0.00108,0.0559246954596,4,0.66205,4.40633,0.07,0.02326,4
32,69,-0.18,0.018,0.13911,2.0,0.0,27,2,0.0,0,6.0,8,0.12575,0.00108,0.0695564516129,5,0.33333,3.391,0.056,0.03125,4
28,55,0.059,0.0,0.1455,2.0,0.0,22,2,0.0,0,9.0,12,0.1202,0.00122,0.0727513227513,7,0.12755,2.83549,0.053,0.03571,4
23,57,-0.324,0.0,0.2253,2.0,0.0,19,2,0.0,0,2.0,3,0.1846,0.00678,0.112648221344,2,1.10477,4.98367,0.186,0.04348,4
31,0,-0.081,0.055,0.12043,1.0,0.0,29,3,0.068,1,14.0,18,0.14508,0,0.120430107527,0,0.4681,5.76686,1.006,0.03226,4
25,55,-0.284,0.0,0.18333,2.0,0.0,18,2,0.0,0,1.0,2,0.12357,0.00101,0.0916666666667,1,0.30714,3.50029,0.067,0.04,4
41,0,-0.161,0.0,0.0878,1.0,0.0,41,2,0.0,1,12.0,15,0.14995,0,0.0878048780488,0,0.31089,5.467,1.018,0.02439,4
30,66,0.174,0.024,0.15172,2.0,0.0,24,2,0.0,0,3.0,5,0.1168,0.00172,0.0758620689655,2,0.38662,3.63158,0.067,0.03333,4
21,47,0.038,0.0,0.22381,2.0,0.0,18,2,0.0,0,2.0,3,0.14612,0.00576,0.111904761905,2,0.43821,4.09235,0.143,0.04762,4
26,58,-0.074,0.0,0.17846,2.0,0.0,21,2,0.0,0,1.0,2,0.12189,0.00167,0.0892307692308,1,0.32967,3.77881,0.08,0.03846,4
35,74,0.026,0.0,0.12437,2.0,0.0,29,2,0.0,0,4.0,6,0.09396,0.0026,0.0621848739496,3,0.20317,3.23374,0.079,0.02857,4
29,62,-0.093,0.0,0.15271,2.0,0.0,21,2,0.0,0,1.0,2,0.09935,0.00064,0.076354679803,1,0.43793,3.5753,0.052,0.03448,4
24,53,-0.193,0.0,0.19203,2.0,0.0,20,2,0.0,0,1.0,2,0.14015,0.00231,0.0960144927536,1,0.08889,3.51116,0.094,0.04167,4
44,111,-0.089,0.0,0.11734,2.0,0.0,38,2,0.0,0,13.0,17,0.14244,0.01513,0.0586680761099,9,0.31508,4.5,0.242,0.02273,4
21,45,0.288,0.05,0.21429,2.0,0.0,14,2,0.0,0,2.0,3,0.12845,0.0005,0.107142857143,2,0.23299,3.21535,0.052,0.04762,4
37,83,-0.036,0.0,0.12462,2.0,0.0,30,2,0.0,0,3.0,4,0.08842,0.00287,0.0623123123123,2,0.63086,4.00648,0.098,0.02703,4
36,75,0.123,0.0,0.11905,2.0,0.0,30,2,0.0,0,3.0,4,0.07882,0.00229,0.0595238095238,2,0.32022,3.43922,0.075,0.02778,4
38,89,-0.201,0.0,0.1266,2.0,0.0,32,2,0.0,0,7.0,10,0.13891,0.00166,0.0633001422475,5,0.43186,3.86445,0.074,0.02632,4
36,95,-0.157,0.036,0.15079,2.0,0.0,31,2,0.0,0,4.0,5,0.13824,0.00626,0.0753968253968,3,0.73336,5.22243,0.159,0.02778,4
23,0,0.009,0.0,0.15415,1.0,0.0,23,2,0.0,1,8.0,10,0.23311,0,0.154150197628,0,0.20153,5.01524,1.36,0.04348,4
29,69,-0.177,0.0,0.16995,2.0,0.0,21,2,0.0,0,1.0,2,0.11113,0.00119,0.0849753694581,1,0.50826,4.16865,0.074,0.03448,4
25,57,0.002,0.0,0.19,2.0,0.0,21,2,0.0,0,1.0,2,0.12156,0.00304,0.095,1,0.63088,4.02083,0.097,0.04,4
34,88,-0.119,0.0,0.15686,2.0,0.0,30,2,0.0,0,6.0,7,0.13943,0.02657,0.078431372549,4,0.59926,4.88261,0.333,0.02941,4
57,125,-0.027,0.0,0.07832,2.0,0.0,49,2,0.0,0,3.0,4,0.06183,0.00139,0.0391604010025,2,0.53484,4.1407,0.07,0.01754,4
25,55,-0.051,0.0,0.18333,2.0,0.0,19,2,0.0,0,1.0,2,0.12469,0.00174,0.0916666666667,1,0.60615,3.68251,0.08,0.04,4
34,98,-0.021,0.122,0.17469,2.0,0.0,27,3,0.097,0,3.0,4,0.18246,0.00702,0.0873440285205,2,1.56663,6.9324,0.225,0.02941,4
29,71,-0.051,0.0,0.17488,2.0,0.0,25,2,0.0,0,3.0,4,0.15178,0.00785,0.0874384236453,2,0.42302,4.83646,0.195,0.03448,4
45,104,-0.003,0.0,0.10505,2.0,0.0,37,2,0.0,0,5.0,7,0.08059,0.00395,0.0525252525253,4,0.62034,4.06712,0.095,0.02222,4
62,146,-0.081,0.0,0.07721,2.0,0.0,51,2,0.0,0,11.0,15,0.07895,0.00115,0.0386039132734,9,0.50927,4.11219,0.058,0.01613,4
44,95,0.113,0.0,0.10042,2.0,0.0,39,2,0.0,0,4.0,6,0.07524,0.00362,0.0502114164905,3,0.40446,3.78881,0.111,0.02273,4
27,0,-0.014,0.0,0.13105,1.0,0.0,26,2,0.0,1,10.0,13,0.2062,0,0.131054131054,0,0.24579,4.98879,1.0,0.03704,4
24,56,0.166,0.0,0.2029,2.0,0.0,20,2,0.0,0,2.0,4,0.11258,0.00231,0.101449275362,2,0.60069,3.92553,0.08,0.04167,4
78,0,0.072,0.08,0.04329,1.0,0.0,82,3,0.035,1,32.0,41,0.0675,0,0.04329004329,0,0.23443,5.31021,1.07,0.01282,4
35,73,-0.112,0.0,0.12269,2.0,0.0,25,2,0.0,0,2.0,3,0.07678,0.00056,0.0613445378151,2,0.25289,3.22219,0.047,0.02857,4
60,0,0.185,0.036,0.0548,1.0,0.0,59,3,0.022,1,28.0,37,0.07884,0,0.054802259887,0,0.16215,4.54,1.005,0.01667,4
23,56,-0.223,0.0,0.22134,2.0,0.0,18,2,0.0,0,6.0,8,0.21753,0.01092,0.110671936759,5,0.3323,4.05577,0.213,0.04348,4
20,48,-0.178,0.0,0.25263,2.0,0.0,15,2,0.0,0,1.0,2,0.17632,0.00439,0.126315789474,1,0.32905,4.15329,0.137,0.05,4
35,0,-0.087,0.028,0.11261,1.0,0.0,37,3,0.032,1,7.0,9,0.26549,0,0.112605042017,0,0.31406,6.65977,1.124,0.02857,4
29,68,0.061,0.0,0.16749,2.0,0.0,22,2,0.0,0,2.0,3,0.09397,0.00182,0.0837438423645,2,0.64536,4.15274,0.076,0.03448,4
32,69,-0.142,0.0,0.13911,2.0,0.0,25,2,0.0,0,1.0,2,0.09316,0.00108,0.0695564516129,1,0.33743,3.44767,0.065,0.03125,4
56,131,0.07,0.0,0.08506,2.0,0.0,52,2,0.0,0,8.0,12,0.15253,0.01966,0.0425324675325,6,0.20378,4.03107,0.31,0.01786,4
46,103,0.066,0.0,0.09952,2.0,0.0,37,2,0.0,0,12.0,15,0.08755,0.00114,0.0497584541063,11,0.53474,3.83996,0.056,0.02174,4
33,96,-0.112,0.0,0.18182,3.0,0.0,32,2,0.0,0,6.0,8,0.16289,0.02468,0.0909090909091,4,0.54123,5.65216,0.396,0.0303,4
26,65,-0.242,0.0,0.2,2.0,0.0,21,2,0.0,0,3.0,4,0.12659,0.00564,0.1,2,0.68947,4.80579,0.148,0.03846,4
32,69,-0.172,0.0,0.13911,2.0,0.0,27,2,0.0,0,1.0,2,0.09337,0.00188,0.0695564516129,1,0.10938,3.35739,0.083,0.03125,4
33,75,-0.173,0.0,0.14205,2.0,0.0,26,2,0.0,0,1.0,2,0.11476,0.00214,0.0710227272727,1,0.68164,4.28381,0.1,0.0303,4
37,91,0.056,0.036,0.13664,2.0,0.0,29,2,0.0,0,9.0,13,0.15042,0.00412,0.0683183183183,7,0.24742,3.79936,0.105,0.02703,4
23,62,-0.255,0.0,0.24506,2.0,0.0,19,2,0.0,0,2.0,3,0.18739,0.00922,0.122529644269,2,1.0401,5.81834,0.237,0.04348,4
29,87,0.067,0.148,0.21429,3.0,0.0,25,3,0.077,0,5.0,7,0.23876,0.05829,0.107142857143,4,0.66499,6.61376,0.672,0.03448,4
31,68,-0.111,0.0,0.14624,2.0,0.0,27,2,0.0,0,3.0,4,0.1304,0.00445,0.0731182795699,2,0.65971,3.89323,0.114,0.03226,4
29,74,-0.278,0.0,0.18227,2.0,0.0,24,2,0.0,0,8.0,10,0.17159,0.00529,0.0911330049261,7,0.26375,4.57875,0.167,0.03448,4
29,62,-0.033,0.0,0.15271,2.0,0.0,23,2,0.0,0,3.0,4,0.11905,0.00246,0.076354679803,2,0.25287,3.24511,0.074,0.03448,4
53,122,0.094,0.056,0.08853,2.0,0.0,41,3,0.028,0,7.0,9,0.08605,0.00178,0.044267053701,6,0.30087,3.9724,0.074,0.01887,4
70,0,-0.064,0.0,0.04762,1.0,0.0,72,2,0.0,1,28.0,37,0.0779,0,0.047619047619,0,0.32646,4.95302,1.026,0.01429,4
20,46,-0.136,0.0,0.24211,2.0,0.0,17,2,0.0,0,7.0,8,0.21826,0.00673,0.121052631579,6,0.67845,4.06541,0.158,0.05,4
42,101,0.001,0.037,0.11731,2.0,0.0,35,2,0.0,0,9.0,11,0.11559,0.0038,0.0586527293844,7,0.27786,3.96177,0.117,0.02381,4
28,62,0.049,0.0,0.16402,2.0,0.0,24,2,0.0,0,1.0,2,0.1032,0.00102,0.0820105820106,1,0.65909,3.78455,0.077,0.03571,4
20,0,-0.104,0.0,0.18947,1.0,0.0,19,2,0.0,1,6.0,8,0.30289,0,0.189473684211,0,0.5127,6.26431,1.0,0.05,4
38,91,-0.318,0.008,0.12945,2.0,0.0,31,2,0.0,0,8.0,11,0.17052,0.00166,0.0647226173542,6,0.2052,3.76533,0.087,0.02632,4
35,65,0.078,0.0,0.10924,1.0,0.0,30,2,0.0,0,8.0,9,0.07506,0.0002,0.0546218487395,8,0.20714,2.64123,0.02,0.02857,4
50,108,-0.099,0.0,0.08816,2.0,0.0,41,2,0.0,0,3.0,4,0.07414,0.00158,0.0440816326531,2,0.27959,3.51908,0.07,0.02,4
34,82,-0.2,0.0,0.14617,2.0,0.0,28,2,0.0,0,6.0,8,0.16471,0.0029,0.0730837789661,5,0.80515,4.55962,0.119,0.02941,4
24,58,-0.16,0.0,0.21014,2.0,0.0,20,2,0.0,0,3.0,5,0.18269,0.00675,0.105072463768,3,1.01105,4.82686,0.181,0.04167,4
20,45,0.157,0.0,0.23684,2.0,0.0,19,2,0.0,0,4.0,6,0.15606,0.0307,0.118421052632,3,0.44091,4.29443,0.289,0.05,4
38,79,0.03,0.0,0.11238,2.0,0.0,30,2,0.0,0,16.0,20,0.08868,0.00028,0.0561877667141,14,0.30921,3.1109,0.03,0.02632,4
32,0,-0.142,0.0,0.11895,1.0,0.0,32,2,0.0,1,6.0,9,0.27518,0,0.118951612903,0,0.30005,6.0719,1.02,0.03125,4
23,62,-0.198,0.0,0.24506,2.0,0.0,20,2,0.0,0,3.0,4,0.23419,0.0207,0.122529644269,2,0.98768,6.2477,0.372,0.04348,4
21,45,-0.262,0.0,0.21429,2.0,0.0,18,2,0.0,0,1.0,2,0.16231,0.00476,0.107142857143,1,0.14603,3.51646,0.133,0.04762,4
45,97,-0.023,0.0,0.09798,2.0,0.0,36,2,0.0,0,4.0,6,0.07274,0.0011,0.0489898989899,3,0.32259,3.34083,0.048,0.02222,4
32,0,-0.078,0.0,0.11089,1.0,0.0,31,2,0.0,1,13.0,17,0.13863,0,0.110887096774,0,0.2411,4.97158,1.0,0.03125,4
24,48,-0.091,0.0,0.17391,1.0,0.0,19,2,0.0,0,3.0,4,0.1294,0.00066,0.0869565217391,3,0.0,2.81993,0.043,0.04167,4
30,74,0.069,0.0,0.17011,2.0,0.0,23,2,0.0,0,4.0,5,0.12059,0.00567,0.0850574712644,3,0.37192,4.33753,0.138,0.03333,4
30,71,-0.115,0.012,0.16322,2.0,0.0,25,2,0.0,0,2.0,3,0.13677,0.00427,0.0816091954023,2,0.67854,4.38822,0.133,0.03333,4
26,54,-0.29,0.0,0.16615,1.0,0.0,23,2,0.0,0,1.0,2,0.11292,0.00282,0.0830769230769,1,0.17308,3.27792,0.105,0.03846,4
74,0,0.298,0.154,0.04813,1.0,0.0,76,4,0.094,1,28.0,35,0.07634,0,0.0481303221029,0,0.37078,6.88052,1.061,0.01351,4
34,91,-0.25,0.0,0.16221,2.0,0.0,30,2,0.0,0,4.0,6,0.16277,0.01905,0.0811051693405,3,0.64863,5.66132,0.317,0.02941,4
28,51,0.201,0.0,0.13492,2.0,0.0,24,2,0.0,0,2.0,3,0.08415,0.00071,0.0674603174603,2,0.2381,2.797,0.037,0.03571,4
28,74,0.108,0.153,0.19577,2.0,0.0,25,3,0.126,0,4.0,6,0.22127,0.04884,0.0978835978836,3,0.62955,5.65861,0.571,0.03571,4
22,59,-0.03,0.073,0.25541,2.0,0.0,19,3,0.032,0,4.0,6,0.24107,0.02468,0.127705627706,3,0.4213,5.80279,0.411,0.04545,4
30,68,-0.051,0.0,0.15632,2.0,0.0,24,2,0.0,0,1.0,2,0.09501,0.0009,0.0781609195402,1,0.68333,3.883,0.053,0.03333,4
93,0,0.05,0.019,0.03506,1.0,0.0,99,3,0.023,1,22.0,30,0.09259,0,0.0350631136045,0,0.19307,4.72503,1.098,0.01075,4
43,101,-0.062,0.0,0.11185,2.0,0.0,35,2,0.0,0,5.0,7,0.09585,0.00108,0.0559246954596,4,0.66205,4.40633,0.07,0.02326,4
32,69,-0.18,0.018,0.13911,2.0,0.0,27,2,0.0,0,6.0,8,0.12575,0.00108,0.0695564516129,5,0.33333,3.391,0.056,0.03125,4
28,55,0.059,0.0,0.1455,2.0,0.0,22,2,0.0,0,9.0,12,0.1202,0.00122,0.0727513227513,7,0.12755,2.83549,0.053,0.03571,4
23,57,-0.324,0.0,0.2253,2.0,0.0,19,2,0.0,0,2.0,3,0.1846,0.00678,0.112648221344,2,1.10477,4.98367,0.186,0.04348,4
31,0,-0.081,0.055,0.12043,1.0,0.0,29,3,0.068,1,14.0,18,0.14508,0,0.120430107527,0,0.4681,5.76686,1.006,0.03226,4
25,55,-0.284,0.0,0.18333,2.0,0.0,18,2,0.0,0,1.0,2,0.12357,0.00101,0.0916666666667,1,0.30714,3.50029,0.067,0.04,4
41,0,-0.161,0.0,0.0878,1.0,0.0,41,2,0.0,1,12.0,15,0.14995,0,0.0878048780488,0,0.31089,5.467,1.018,0.02439,4
30,66,0.174,0.024,0.15172,2.0,0.0,24,2,0.0,0,3.0,5,0.1168,0.00172,0.0758620689655,2,0.38662,3.63158,0.067,0.03333,4
21,47,0.038,0.0,0.22381,2.0,0.0,18,2,0.0,0,2.0,3,0.14612,0.00576,0.111904761905,2,0.43821,4.09235,0.143,0.04762,4
26,58,-0.074,0.0,0.17846,2.0,0.0,21,2,0.0,0,1.0,2,0.12189,0.00167,0.0892307692308,1,0.32967,3.77881,0.08,0.03846,4
35,74,0.026,0.0,0.12437,2.0,0.0,29,2,0.0,0,4.0,6,0.09396,0.0026,0.0621848739496,3,0.20317,3.23374,0.079,0.02857,4
29,62,-0.093,0.0,0.15271,2.0,0.0,21,2,0.0,0,1.0,2,0.09935,0.00064,0.076354679803,1,0.43793,3.5753,0.052,0.03448,4
24,53,-0.193,0.0,0.19203,2.0,0.0,20,2,0.0,0,1.0,2,0.14015,0.00231,0.0960144927536,1,0.08889,3.51116,0.094,0.04167,4
44,111,-0.089,0.0,0.11734,2.0,0.0,38,2,0.0,0,13.0,17,0.14244,0.01513,0.0586680761099,9,0.31508,4.5,0.242,0.02273,4
21,45,0.288,0.05,0.21429,2.0,0.0,14,2,0.0,0,2.0,3,0.12845,0.0005,0.107142857143,2,0.23299,3.21535,0.052,0.04762,4
37,83,-0.036,0.0,0.12462,2.0,0.0,30,2,0.0,0,3.0,4,0.08842,0.00287,0.0623123123123,2,0.63086,4.00648,0.098,0.02703,4
36,75,0.123,0.0,0.11905,2.0,0.0,30,2,0.0,0,3.0,4,0.07882,0.00229,0.0595238095238,2,0.32022,3.43922,0.075,0.02778,4
38,89,-0.201,0.0,0.1266,2.0,0.0,32,2,0.0,0,7.0,10,0.13891,0.00166,0.0633001422475,5,0.43186,3.86445,0.074,0.02632,4
36,95,-0.157,0.036,0.15079,2.0,0.0,31,2,0.0,0,4.0,5,0.13824,0.00626,0.0753968253968,3,0.73336,5.22243,0.159,0.02778,4
23,0,0.009,0.0,0.15415,1.0,0.0,23,2,0.0,1,8.0,10,0.23311,0,0.154150197628,0,0.20153,5.01524,1.36,0.04348,4
29,69,-0.177,0.0,0.16995,2.0,0.0,21,2,0.0,0,1.0,2,0.11113,0.00119,0.0849753694581,1,0.50826,4.16865,0.074,0.03448,4
25,57,0.002,0.0,0.19,2.0,0.0,21,2,0.0,0,1.0,2,0.12156,0.00304,0.095,1,0.63088,4.02083,0.097,0.04,4
34,88,-0.119,0.0,0.15686,2.0,0.0,30,2,0.0,0,6.0,7,0.13943,0.02657,0.078431372549,4,0.59926,4.88261,0.333,0.02941,4
57,125,-0.027,0.0,0.07832,2.0,0.0,49,2,0.0,0,3.0,4,0.06183,0.00139,0.0391604010025,2,0.53484,4.1407,0.07,0.01754,4
25,55,-0.051,0.0,0.18333,2.0,0.0,19,2,0.0,0,1.0,2,0.12469,0.00174,0.0916666666667,1,0.60615,3.68251,0.08,0.04,4
34,98,-0.021,0.122,0.17469,2.0,0.0,27,3,0.097,0,3.0,4,0.18246,0.00702,0.0873440285205,2,1.56663,6.9324,0.225,0.02941,4
29,71,-0.051,0.0,0.17488,2.0,0.0,25,2,0.0,0,3.0,4,0.15178,0.00785,0.0874384236453,2,0.42302,4.83646,0.195,0.03448,4
45,104,-0.003,0.0,0.10505,2.0,0.0,37,2,0.0,0,5.0,7,0.08059,0.00395,0.0525252525253,4,0.62034,4.06712,0.095,0.02222,4
62,146,-0.081,0.0,0.07721,2.0,0.0,51,2,0.0,0,11.0,15,0.07895,0.00115,0.0386039132734,9,0.50927,4.11219,0.058,0.01613,4
44,95,0.113,0.0,0.10042,2.0,0.0,39,2,0.0,0,4.0,6,0.07524,0.00362,0.0502114164905,3,0.40446,3.78881,0.111,0.02273,4
27,0,-0.014,0.0,0.13105,1.0,0.0,26,2,0.0,1,10.0,13,0.2062,0,0.131054131054,0,0.24579,4.98879,1.0,0.03704,4
24,56,0.166,0.0,0.2029,2.0,0.0,20,2,0.0,0,2.0,4,0.11258,0.00231,0.101449275362,2,0.60069,3.92553,0.08,0.04167,4
78,0,0.072,0.08,0.04329,1.0,0.0,82,3,0.035,1,32.0,41,0.0675,0,0.04329004329,0,0.23443,5.31021,1.07,0.01282,4
35,73,-0.112,0.0,0.12269,2.0,0.0,25,2,0.0,0,2.0,3,0.07678,0.00056,0.0613445378151,2,0.25289,3.22219,0.047,0.02857,4
60,0,0.185,0.036,0.0548,1.0,0.0,59,3,0.022,1,28.0,37,0.07884,0,0.054802259887,0,0.16215,4.54,1.005,0.01667,4
23,56,-0.223,0.0,0.22134,2.0,0.0,18,2,0.0,0,6.0,8,0.21753,0.01092,0.110671936759,5,0.3323,4.05577,0.213,0.04348,4
20,48,-0.178,0.0,0.25263,2.0,0.0,15,2,0.0,0,1.0,2,0.17632,0.00439,0.126315789474,1,0.32905,4.15329,0.137,0.05,4
35,0,-0.087,0.028,0.11261,1.0,0.0,37,3,0.032,1,7.0,9,0.26549,0,0.112605042017,0,0.31406,6.65977,1.124,0.02857,4
29,68,0.061,0.0,0.16749,2.0,0.0,22,2,0.0,0,2.0,3,0.09397,0.00182,0.0837438423645,2,0.64536,4.15274,0.076,0.03448,4
32,69,-0.142,0.0,0.13911,2.0,0.0,25,2,0.0,0,1.0,2,0.09316,0.00108,0.0695564516129,1,0.33743,3.44767,0.065,0.03125,4
56,131,0.07,0.0,0.08506,2.0,0.0,52,2,0.0,0,8.0,12,0.15253,0.01966,0.0425324675325,6,0.20378,4.03107,0.31,0.01786,4
46,103,0.066,0.0,0.09952,2.0,0.0,37,2,0.0,0,12.0,15,0.08755,0.00114,0.0497584541063,11,0.53474,3.83996,0.056,0.02174,4
33,96,-0.112,0.0,0.18182,3.0,0.0,32,2,0.0,0,6.0,8,0.16289,0.02468,0.0909090909091,4,0.54123,5.65216,0.396,0.0303,4
26,65,-0.242,0.0,0.2,2.0,0.0,21,2,0.0,0,3.0,4,0.12659,0.00564,0.1,2,0.68947,4.80579,0.148,0.03846,4
32,69,-0.172,0.0,0.13911,2.0,0.0,27,2,0.0,0,1.0,2,0.09337,0.00188,0.0695564516129,1,0.10938,3.35739,0.083,0.03125,4
33,75,-0.173,0.0,0.14205,2.0,0.0,26,2,0.0,0,1.0,2,0.11476,0.00214,0.0710227272727,1,0.68164,4.28381,0.1,0.0303,4
37,91,0.056,0.036,0.13664,2.0,0.0,29,2,0.0,0,9.0,13,0.15042,0.00412,0.0683183183183,7,0.24742,3.79936,0.105,0.02703,4
23,62,-0.255,0.0,0.24506,2.0,0.0,19,2,0.0,0,2.0,3,0.18739,0.00922,0.122529644269,2,1.0401,5.81834,0.237,0.04348,4
29,87,0.067,0.148,0.21429,3.0,0.0,25,3,0.077,0,5.0,7,0.23876,0.05829,0.107142857143,4,0.66499,6.61376,0.672,0.03448,4
31,68,-0.111,0.0,0.14624,2.0,0.0,27,2,0.0,0,3.0,4,0.1304,0.00445,0.0731182795699,2,0.65971,3.89323,0.114,0.03226,4
29,74,-0.278,0.0,0.18227,2.0,0.0,24,2,0.0,0,8.0,10,0.17159,0.00529,0.0911330049261,7,0.26375,4.57875,0.167,0.03448,4
29,62,-0.033,0.0,0.15271,2.0,0.0,23,2,0.0,0,3.0,4,0.11905,0.00246,0.076354679803,2,0.25287,3.24511,0.074,0.03448,4
53,122,0.094,0.056,0.08853,2.0,0.0,41,3,0.028,0,7.0,9,0.08605,0.00178,0.044267053701,6,0.30087,3.9724,0.074,0.01887,4
70,0,-0.064,0.0,0.04762,1.0,0.0,72,2,0.0,1,28.0,37,0.0779,0,0.047619047619,0,0.32646,4.95302,1.026,0.01429,4
20,46,-0.136,0.0,0.24211,2.0,0.0,17,2,0.0,0,7.0,8,0.21826,0.00673,0.121052631579,6,0.67845,4.06541,0.158,0.05,4
42,101,0.001,0.037,0.11731,2.0,0.0,35,2,0.0,0,9.0,11,0.11559,0.0038,0.0586527293844,7,0.27786,3.96177,0.117,0.02381,4
28,62,0.049,0.0,0.16402,2.0,0.0,24,2,0.0,0,1.0,2,0.1032,0.00102,0.0820105820106,1,0.65909,3.78455,0.077,0.03571,4
20,0,-0.104,0.0,0.18947,1.0,0.0,19,2,0.0,1,6.0,8,0.30289,0,0.189473684211,0,0.5127,6.26431,1.0,0.05,4
38,91,-0.318,0.008,0.12945,2.0,0.0,31,2,0.0,0,8.0,11,0.17052,0.00166,0.0647226173542,6,0.2052,3.76533,0.087,0.02632,4
35,65,0.078,0.0,0.10924,1.0,0.0,30,2,0.0,0,8.0,9,0.07506,0.0002,0.0546218487395,8,0.20714,2.64123,0.02,0.02857,4
50,108,-0.099,0.0,0.08816,2.0,0.0,41,2,0.0,0,3.0,4,0.07414,0.00158,0.0440816326531,2,0.27959,3.51908,0.07,0.02,4
34,82,-0.2,0.0,0.14617,2.0,0.0,28,2,0.0,0,6.0,8,0.16471,0.0029,0.0730837789661,5,0.80515,4.55962,0.119,0.02941,4
24,58,-0.16,0.0,0.21014,2.0,0.0,20,2,0.0,0,3.0,5,0.18269,0.00675,0.105072463768,3,1.01105,4.82686,0.181,0.04167,4
20,45,0.157,0.0,0.23684,2.0,0.0,19,2,0.0,0,4.0,6,0.15606,0.0307,0.118421052632,3,0.44091,4.29443,0.289,0.05,4
38,79,0.03,0.0,0.11238,2.0,0.0,30,2,0.0,0,16.0,20,0.08868,0.00028,0.0561877667141,14,0.30921,3.1109,0.03,0.02632,4
32,0,-0.142,0.0,0.11895,1.0,0.0,32,2,0.0,1,6.0,9,0.27518,0,0.118951612903,0,0.30005,6.0719,1.02,0.03125,4
23,62,-0.198,0.0,0.24506,2.0,0.0,20,2,0.0,0,3.0,4,0.23419,0.0207,0.122529644269,2,0.98768,6.2477,0.372,0.04348,4
21,45,-0.262,0.0,0.21429,2.0,0.0,18,2,0.0,0,1.0,2,0.16231,0.00476,0.107142857143,1,0.14603,3.51646,0.133,0.04762,4
45,97,-0.023,0.0,0.09798,2.0,0.0,36,2,0.0,0,4.0,6,0.07274,0.0011,0.0489898989899,3,0.32259,3.34083,0.048,0.02222,4
32,0,-0.078,0.0,0.11089,1.0,0.0,31,2,0.0,1,13.0,17,0.13863,0,0.110887096774,0,0.2411,4.97158,1.0,0.03125,4
24,48,-0.091,0.0,0.17391,1.0,0.0,19,2,0.0,0,3.0,4,0.1294,0.00066,0.0869565217391,3,0.0,2.81993,0.043,0.04167,4
30,74,0.069,0.0,0.17011,2.0,0.0,23,2,0.0,0,4.0,5,0.12059,0.00567,0.0850574712644,3,0.37192,4.33753,0.138,0.03333,4
30,71,-0.115,0.012,0.16322,2.0,0.0,25,2,0.0,0,2.0,3,0.13677,0.00427,0.0816091954023,2,0.67854,4.38822,0.133,0.03333,4
26,54,-0.29,0.0,0.16615,1.0,0.0,23,2,0.0,0,1.0,2,0.11292,0.00282,0.0830769230769,1,0.17308,3.27792,0.105,0.03846,4
74,0,0.298,0.154,0.04813,1.0,0.0,76,4,0.094,1,28.0,35,0.07634,0,0.0481303221029,0,0.37078,6.88052,1.061,0.01351,4
34,91,-0.25,0.0,0.16221,2.0,0.0,30,2,0.0,0,4.0,6,0.16277,0.01905,0.0811051693405,3,0.64863,5.66132,0.317,0.02941,4
28,51,0.201,0.0,0.13492,2.0,0.0,24,2,0.0,0,2.0,3,0.08415,0.00071,0.0674603174603,2,0.2381,2.797,0.037,0.03571,4
28,74,0.108,0.153,0.19577,2.0,0.0,25,3,0.126,0,4.0,6,0.22127,0.04884,0.0978835978836,3,0.62955,5.65861,0.571,0.03571,4
22,59,-0.03,0.073,0.25541,2.0,0.0,19,3,0.032,0,4.0,6,0.24107,0.02468,0.127705627706,3,0.4213,5.80279,0.411,0.04545,4
30,68,-0.051,0.0,0.15632,2.0,0.0,24,2,0.0,0,1.0,2,0.09501,0.0009,0.0781609195402,1,0.68333,3.883,0.053,0.03333,4
93,0,0.05,0.019,0.03506,1.0,0.0,99,3,0.023,1,22.0,30,0.09259,0,0.0350631136045,0,0.19307,4.72503,1.098,0.01075,4
43,101,-0.062,0.0,0.11185,2.0,0.0,35,2,0.0,0,5.0,7,0.09585,0.00108,0.0559246954596,4,0.66205,4.40633,0.07,0.02326,4
32,69,-0.18,0.018,0.13911,2.0,0.0,27,2,0.0,0,6.0,8,0.12575,0.00108,0.0695564516129,5,0.33333,3.391,0.056,0.03125,4
28,55,0.059,0.0,0.1455,2.0,0.0,22,2,0.0,0,9.0,12,0.1202,0.00122,0.0727513227513,7,0.12755,2.83549,0.053,0.03571,4
23,57,-0.324,0.0,0.2253,2.0,0.0,19,2,0.0,0,2.0,3,0.1846,0.00678,0.112648221344,2,1.10477,4.98367,0.186,0.04348,4
31,0,-0.081,0.055,0.12043,1.0,0.0,29,3,0.068,1,14.0,18,0.14508,0,0.120430107527,0,0.4681,5.76686,1.006,0.03226,4
25,55,-0.284,0.0,0.18333,2.0,0.0,18,2,0.0,0,1.0,2,0.12357,0.00101,0.0916666666667,1,0.30714,3.50029,0.067,0.04,4
41,0,-0.161,0.0,0.0878,1.0,0.0,41,2,0.0,1,12.0,15,0.14995,0,0.0878048780488,0,0.31089,5.467,1.018,0.02439,4
30,66,0.174,0.024,0.15172,2.0,0.0,24,2,0.0,0,3.0,5,0.1168,0.00172,0.0758620689655,2,0.38662,3.63158,0.067,0.03333,4
21,47,0.038,0.0,0.22381,2.0,0.0,18,2,0.0,0,2.0,3,0.14612,0.00576,0.111904761905,2,0.43821,4.09235,0.143,0.04762,4
26,58,-0.074,0.0,0.17846,2.0,0.0,21,2,0.0,0,1.0,2,0.12189,0.00167,0.0892307692308,1,0.32967,3.77881,0.08,0.03846,4
35,74,0.026,0.0,0.12437,2.0,0.0,29,2,0.0,0,4.0,6,0.09396,0.0026,0.0621848739496,3,0.20317,3.23374,0.079,0.02857,4
29,62,-0.093,0.0,0.15271,2.0,0.0,21,2,0.0,0,1.0,2,0.09935,0.00064,0.076354679803,1,0.43793,3.5753,0.052,0.03448,4
24,53,-0.193,0.0,0.19203,2.0,0.0,20,2,0.0,0,1.0,2,0.14015,0.00231,0.0960144927536,1,0.08889,3.51116,0.094,0.04167,4
44,111,-0.089,0.0,0.11734,2.0,0.0,38,2,0.0,0,13.0,17,0.14244,0.01513,0.0586680761099,9,0.31508,4.5,0.242,0.02273,4
21,45,0.288,0.05,0.21429,2.0,0.0,14,2,0.0,0,2.0,3,0.12845,0.0005,0.107142857143,2,0.23299,3.21535,0.052,0.04762,4
37,83,-0.036,0.0,0.12462,2.0,0.0,30,2,0.0,0,3.0,4,0.08842,0.00287,0.0623123123123,2,0.63086,4.00648,0.098,0.02703,4
36,75,0.123,0.0,0.11905,2.0,0.0,30,2,0.0,0,3.0,4,0.07882,0.00229,0.0595238095238,2,0.32022,3.43922,0.075,0.02778,4
38,89,-0.201,0.0,0.1266,2.0,0.0,32,2,0.0,0,7.0,10,0.13891,0.00166,0.0633001422475,5,0.43186,3.86445,0.074,0.02632,4
36,95,-0.157,0.036,0.15079,2.0,0.0,31,2,0.0,0,4.0,5,0.13824,0.00626,0.0753968253968,3,0.73336,5.22243,0.159,0.02778,4
23,0,0.009,0.0,0.15415,1.0,0.0,23,2,0.0,1,8.0,10,0.23311,0,0.154150197628,0,0.20153,5.01524,1.36,0.04348,4
29,69,-0.177,0.0,0.16995,2.0,0.0,21,2,0.0,0,1.0,2,0.11113,0.00119,0.0849753694581,1,0.50826,4.16865,0.074,0.03448,4
25,57,0.002,0.0,0.19,2.0,0.0,21,2,0.0,0,1.0,2,0.12156,0.00304,0.095,1,0.63088,4.02083,0.097,0.04,4
34,88,-0.119,0.0,0.15686,2.0,0.0,30,2,0.0,0,6.0,7,0.13943,0.02657,0.078431372549,4,0.59926,4.88261,0.333,0.02941,4
57,125,-0.027,0.0,0.07832,2.0,0.0,49,2,0.0,0,3.0,4,0.06183,0.00139,0.0391604010025,2,0.53484,4.1407,0.07,0.01754,4
25,55,-0.051,0.0,0.18333,2.0,0.0,19,2,0.0,0,1.0,2,0.12469,0.00174,0.0916666666667,1,0.60615,3.68251,0.08,0.04,4
34,98,-0.021,0.122,0.17469,2.0,0.0,27,3,0.097,0,3.0,4,0.18246,0.00702,0.0873440285205,2,1.56663,6.9324,0.225,0.02941,4
29,71,-0.051,0.0,0.17488,2.0,0.0,25,2,0.0,0,3.0,4,0.15178,0.00785,0.0874384236453,2,0.42302,4.83646,0.195,0.03448,4
45,104,-0.003,0.0,0.10505,2.0,0.0,37,2,0.0,0,5.0,7,0.08059,0.00395,0.0525252525253,4,0.62034,4.06712,0.095,0.02222,4
62,146,-0.081,0.0,0.07721,2.0,0.0,51,2,0.0,0,11.0,15,0.07895,0.00115,0.0386039132734,9,0.50927,4.11219,0.058,0.01613,4
44,95,0.113,0.0,0.10042,2.0,0.0,39,2,0.0,0,4.0,6,0.07524,0.00362,0.0502114164905,3,0.40446,3.78881,0.111,0.02273,4
27,0,-0.014,0.0,0.13105,1.0,0.0,26,2,0.0,1,10.0,13,0.2062,0,0.131054131054,0,0.24579,4.98879,1.0,0.03704,4
24,56,0.166,0.0,0.2029,2.0,0.0,20,2,0.0,0,2.0,4,0.11258,0.00231,0.101449275362,2,0.60069,3.92553,0.08,0.04167,4
78,0,0.072,0.08,0.04329,1.0,0.0,82,3,0.035,1,32.0,41,0.0675,0,0.04329004329,0,0.23443,5.31021,1.07,0.01282,4
35,73,-0.112,0.0,0.12269,2.0,0.0,25,2,0.0,0,2.0,3,0.07678,0.00056,0.0613445378151,2,0.25289,3.22219,0.047,0.02857,4
60,0,0.185,0.036,0.0548,1.0,0.0,59,3,0.022,1,28.0,37,0.07884,0,0.054802259887,0,0.16215,4.54,1.005,0.01667,4
23,56,-0.223,0.0,0.22134,2.0,0.0,18,2,0.0,0,6.0,8,0.21753,0.01092,0.110671936759,5,0.3323,4.05577,0.213,0.04348,4
20,48,-0.178,0.0,0.25263,2.0,0.0,15,2,0.0,0,1.0,2,0.17632,0.00439,0.126315789474,1,0.32905,4.15329,0.137,0.05,4
35,0,-0.087,0.028,0.11261,1.0,0.0,37,3,0.032,1,7.0,9,0.26549,0,0.112605042017,0,0.31406,6.65977,1.124,0.02857,4
29,68,0.061,0.0,0.16749,2.0,0.0,22,2,0.0,0,2.0,3,0.09397,0.00182,0.0837438423645,2,0.64536,4.15274,0.076,0.03448,4
32,69,-0.142,0.0,0.13911,2.0,0.0,25,2,0.0,0,1.0,2,0.09316,0.00108,0.0695564516129,1,0.33743,3.44767,0.065,0.03125,4
56,131,0.07,0.0,0.08506,2.0,0.0,52,2,0.0,0,8.0,12,0.15253,0.01966,0.0425324675325,6,0.20378,4.03107,0.31,0.01786,4
46,103,0.066,0.0,0.09952,2.0,0.0,37,2,0.0,0,12.0,15,0.08755,0.00114,0.0497584541063,11,0.53474,3.83996,0.056,0.02174,4
33,96,-0.112,0.0,0.18182,3.0,0.0,32,2,0.0,0,6.0,8,0.16289,0.02468,0.0909090909091,4,0.54123,5.65216,0.396,0.0303,4
26,65,-0.242,0.0,0.2,2.0,0.0,21,2,0.0,0,3.0,4,0.12659,0.00564,0.1,2,0.68947,4.80579,0.148,0.03846,4
32,69,-0.172,0.0,0.13911,2.0,0.0,27,2,0.0,0,1.0,2,0.09337,0.00188,0.0695564516129,1,0.10938,3.35739,0.083,0.03125,4
33,75,-0.173,0.0,0.14205,2.0,0.0,26,2,0.0,0,1.0,2,0.11476,0.00214,0.0710227272727,1,0.68164,4.28381,0.1,0.0303,4
37,91,0.056,0.036,0.13664,2.0,0.0,29,2,0.0,0,9.0,13,0.15042,0.00412,0.0683183183183,7,0.24742,3.79936,0.105,0.02703,4
23,62,-0.255,0.0,0.24506,2.0,0.0,19,2,0.0,0,2.0,3,0.18739,0.00922,0.122529644269,2,1.0401,5.81834,0.237,0.04348,4
29,87,0.067,0.148,0.21429,3.0,0.0,25,3,0.077,0,5.0,7,0.23876,0.05829,0.107142857143,4,0.66499,6.61376,0.672,0.03448,4
31,68,-0.111,0.0,0.14624,2.0,0.0,27,2,0.0,0,3.0,4,0.1304,0.00445,0.0731182795699,2,0.65971,3.89323,0.114,0.03226,4
29,74,-0.278,0.0,0.18227,2.0,0.0,24,2,0.0,0,8.0,10,0.17159,0.00529,0.0911330049261,7,0.26375,4.57875,0.167,0.03448,4
29,62,-0.033,0.0,0.15271,2.0,0.0,23,2,0.0,0,3.0,4,0.11905,0.00246,0.076354679803,2,0.25287,3.24511,0.074,0.03448,4
53,122,0.094,0.056,0.08853,2.0,0.0,41,3,0.028,0,7.0,9,0.08605,0.00178,0.044267053701,6,0.30087,3.9724,0.074,0.01887,4
70,0,-0.064,0.0,0.04762,1.0,0.0,72,2,0.0,1,28.0,37,0.0779,0,0.047619047619,0,0.32646,4.95302,1.026,0.01429,4
20,46,-0.136,0.0,0.24211,2.0,0.0,17,2,0.0,0,7.0,8,0.21826,0.00673,0.121052631579,6,0.67845,4.06541,0.158,0.05,4
42,101,0.001,0.037,0.11731,2.0,0.0,35,2,0.0,0,9.0,11,0.11559,0.0038,0.0586527293844,7,0.27786,3.96177,0.117,0.02381,4
28,62,0.049,0.0,0.16402,2.0,0.0,24,2,0.0,0,1.0,2,0.1032,0.00102,0.0820105820106,1,0.65909,3.78455,0.077,0.03571,4
20,0,-0.104,0.0,0.18947,1.0,0.0,19,2,0.0,1,6.0,8,0.30289,0,0.189473684211,0,0.5127,6.26431,1.0,0.05,4
38,91,-0.318,0.008,0.12945,2.0,0.0,31,2,0.0,0,8.0,11,0.17052,0.00166,0.0647226173542,6,0.2052,3.76533,0.087,0.02632,4
35,65,0.078,0.0,0.10924,1.0,0.0,30,2,0.0,0,8.0,9,0.07506,0.0002,0.0546218487395,8,0.20714,2.64123,0.02,0.02857,4
50,108,-0.099,0.0,0.08816,2.0,0.0,41,2,0.0,0,3.0,4,0.07414,0.00158,0.0440816326531,2,0.27959,3.51908,0.07,0.02,4
34,82,-0.2,0.0,0.14617,2.0,0.0,28,2,0.0,0,6.0,8,0.16471,0.0029,0.0730837789661,5,0.80515,4.55962,0.119,0.02941,4
24,58,-0.16,0.0,0.21014,2.0,0.0,20,2,0.0,0,3.0,5,0.18269,0.00675,0.105072463768,3,1.01105,4.82686,0.181,0.04167,4
20,45,0.157,0.0,0.23684,2.0,0.0,19,2,0.0,0,4.0,6,0.15606,0.0307,0.118421052632,3,0.44091,4.29443,0.289,0.05,4
38,79,0.03,0.0,0.11238,2.0,0.0,30,2,0.0,0,16.0,20,0.08868,0.00028,0.0561877667141,14,0.30921,3.1109,0.03,0.02632,4
32,0,-0.142,0.0,0.11895,1.0,0.0,32,2,0.0,1,6.0,9,0.27518,0,0.118951612903,0,0.30005,6.0719,1.02,0.03125,4
23,62,-0.198,0.0,0.24506,2.0,0.0,20,2,0.0,0,3.0,4,0.23419,0.0207,0.122529644269,2,0.98768,6.2477,0.372,0.04348,4
21,45,-0.262,0.0,0.21429,2.0,0.0,18,2,0.0,0,1.0,2,0.16231,0.00476,0.107142857143,1,0.14603,3.51646,0.133,0.04762,4
45,97,-0.023,0.0,0.09798,2.0,0.0,36,2,0.0,0,4.0,6,0.07274,0.0011,0.0489898989899,3,0.32259,3.34083,0.048,0.02222,4
32,0,-0.078,0.0,0.11089,1.0,0.0,31,2,0.0,1,13.0,17,0.13863,0,0.110887096774,0,0.2411,4.97158,1.0,0.03125,4
24,48,-0.091,0.0,0.17391,1.0,0.0,19,2,0.0,0,3.0,4,0.1294,0.00066,0.0869565217391,3,0.0,2.81993,0.043,0.04167,4
30,74,0.069,0.0,0.17011,2.0,0.0,23,2,0.0,0,4.0,5,0.12059,0.00567,0.0850574712644,3,0.37192,4.33753,0.138,0.03333,4
30,71,-0.115,0.012,0.16322,2.0,0.0,25,2,0.0,0,2.0,3,0.13677,0.00427,0.0816091954023,2,0.67854,4.38822,0.133,0.03333,4
26,54,-0.29,0.0,0.16615,1.0,0.0,23,2,0.0,0,1.0,2,0.11292,0.00282,0.0830769230769,1,0.17308,3.27792,0.105,0.03846,4
74,0,0.298,0.154,0.04813,1.0,0.0,76,4,0.094,1,28.0,35,0.07634,0,0.0481303221029,0,0.37078,6.88052,1.061,0.01351,4
34,91,-0.25,0.0,0.16221,2.0,0.0,30,2,0.0,0,4.0,6,0.16277,0.01905,0.0811051693405,3,0.64863,5.66132,0.317,0.02941,4
28,51,0.201,0.0,0.13492,2.0,0.0,24,2,0.0,0,2.0,3,0.08415,0.00071,0.0674603174603,2,0.2381,2.797,0.037,0.03571,4
28,74,0.108,0.153,0.19577,2.0,0.0,25,3,0.126,0,4.0,6,0.22127,0.04884,0.0978835978836,3,0.62955,5.65861,0.571,0.03571,4
22,59,-0.03,0.073,0.25541,2.0,0.0,19,3,0.032,0,4.0,6,0.24107,0.02468,0.127705627706,3,0.4213,5.80279,0.411,0.04545,4
30,68,-0.051,0.0,0.15632,2.0,0.0,24,2,0.0,0,1.0,2,0.09501,0.0009,0.0781609195402,1,0.68333,3.883,0.053,0.03333,4
93,0,0.05,0.019,0.03506,1.0,0.0,99,3,0.023,1,22.0,30,0.09259,0,0.0350631136045,0,0.19307,4.72503,1.098,0.01075,4
43,101,-0.062,0.0,0.11185,2.0,0.0,35,2,0.0,0,5.0,7,0.09585,0.00108,0.0559246954596,4,0.66205,4.40633,0.07,0.02326,4
32,69,-0.18,0.018,0.13911,2.0,0.0,27,2,0.0,0,6.0,8,0.12575,0.00108,0.0695564516129,5,0.33333,3.391,0.056,0.03125,4
28,55,0.059,0.0,0.1455,2.0,0.0,22,2,0.0,0,9.0,12,0.1202,0.00122,0.0727513227513,7,0.12755,2.83549,0.053,0.03571,4
23,57,-0.324,0.0,0.2253,2.0,0.0,19,2,0.0,0,2.0,3,0.1846,0.00678,0.112648221344,2,1.10477,4.98367,0.186,0.04348,4
31,0,-0.081,0.055,0.12043,1.0,0.0,29,3,0.068,1,14.0,18,0.14508,0,0.120430107527,0,0.4681,5.76686,1.006,0.03226,4
25,55,-0.284,0.0,0.18333,2.0,0.0,18,2,0.0,0,1.0,2,0.12357,0.00101,0.0916666666667,1,0.30714,3.50029,0.067,0.04,4
41,0,-0.161,0.0,0.0878,1.0,0.0,41,2,0.0,1,12.0,15,0.14995,0,0.0878048780488,0,0.31089,5.467,1.018,0.02439,4
30,66,0.174,0.024,0.15172,2.0,0.0,24,2,0.0,0,3.0,5,0.1168,0.00172,0.0758620689655,2,0.38662,3.63158,0.067,0.03333,4
21,47,0.038,0.0,0.22381,2.0,0.0,18,2,0.0,0,2.0,3,0.14612,0.00576,0.111904761905,2,0.43821,4.09235,0.143,0.04762,4
26,58,-0.074,0.0,0.17846,2.0,0.0,21,2,0.0,0,1.0,2,0.12189,0.00167,0.0892307692308,1,0.32967,3.77881,0.08,0.03846,4
35,74,0.026,0.0,0.12437,2.0,0.0,29,2,0.0,0,4.0,6,0.09396,0.0026,0.0621848739496,3,0.20317,3.23374,0.079,0.02857,4
29,62,-0.093,0.0,0.15271,2.0,0.0,21,2,0.0,0,1.0,2,0.09935,0.00064,0.076354679803,1,0.43793,3.5753,0.052,0.03448,4
24,53,-0.193,0.0,0.19203,2.0,0.0,20,2,0.0,0,1.0,2,0.14015,0.00231,0.0960144927536,1,0.08889,3.51116,0.094,0.04167,4
44,111,-0.089,0.0,0.11734,2.0,0.0,38,2,0.0,0,13.0,17,0.14244,0.01513,0.0586680761099,9,0.31508,4.5,0.242,0.02273,4
21,45,0.288,0.05,0.21429,2.0,0.0,14,2,0.0,0,2.0,3,0.12845,0.0005,0.107142857143,2,0.23299,3.21535,0.052,0.04762,4
37,83,-0.036,0.0,0.12462,2.0,0.0,30,2,0.0,0,3.0,4,0.08842,0.00287,0.0623123123123,2,0.63086,4.00648,0.098,0.02703,4
36,75,0.123,0.0,0.11905,2.0,0.0,30,2,0.0,0,3.0,4,0.07882,0.00229,0.0595238095238,2,0.32022,3.43922,0.075,0.02778,4
38,89,-0.201,0.0,0.1266,2.0,0.0,32,2,0.0,0,7.0,10,0.13891,0.00166,0.0633001422475,5,0.43186,3.86445,0.074,0.02632,4
36,95,-0.157,0.036,0.15079,2.0,0.0,31,2,0.0,0,4.0,5,0.13824,0.00626,0.0753968253968,3,0.73336,5.22243,0.159,0.02778,4
23,0,0.009,0.0,0.15415,1.0,0.0,23,2,0.0,1,8.0,10,0.23311,0,0.154150197628,0,0.20153,5.01524,1.36,0.04348,4
29,69,-0.177,0.0,0.16995,2.0,0.0,21,2,0.0,0,1.0,2,0.11113,0.00119,0.0849753694581,1,0.50826,4.16865,0.074,0.03448,4
25,57,0.002,0.0,0.19,2.0,0.0,21,2,0.0,0,1.0,2,0.12156,0.00304,0.095,1,0.63088,4.02083,0.097,0.04,4
34,88,-0.119,0.0,0.15686,2.0,0.0,30,2,0.0,0,6.0,7,0.13943,0.02657,0.078431372549,4,0.59926,4.88261,0.333,0.02941,4
57,125,-0.027,0.0,0.07832,2.0,0.0,49,2,0.0,0,3.0,4,0.06183,0.00139,0.0391604010025,2,0.53484,4.1407,0.07,0.01754,4
25,55,-0.051,0.0,0.18333,2.0,0.0,19,2,0.0,0,1.0,2,0.12469,0.00174,0.0916666666667,1,0.60615,3.68251,0.08,0.04,4
34,98,-0.021,0.122,0.17469,2.0,0.0,27,3,0.097,0,3.0,4,0.18246,0.00702,0.0873440285205,2,1.56663,6.9324,0.225,0.02941,4
29,71,-0.051,0.0,0.17488,2.0,0.0,25,2,0.0,0,3.0,4,0.15178,0.00785,0.0874384236453,2,0.42302,4.83646,0.195,0.03448,4
45,104,-0.003,0.0,0.10505,2.0,0.0,37,2,0.0,0,5.0,7,0.08059,0.00395,0.0525252525253,4,0.62034,4.06712,0.095,0.02222,4
62,146,-0.081,0.0,0.07721,2.0,0.0,51,2,0.0,0,11.0,15,0.07895,0.00115,0.0386039132734,9,0.50927,4.11219,0.058,0.01613,4
44,95,0.113,0.0,0.10042,2.0,0.0,39,2,0.0,0,4.0,6,0.07524,0.00362,0.0502114164905,3,0.40446,3.78881,0.111,0.02273,4
27,0,-0.014,0.0,0.13105,1.0,0.0,26,2,0.0,1,10.0,13,0.2062,0,0.131054131054,0,0.24579,4.98879,1.0,0.03704,4
24,56,0.166,0.0,0.2029,2.0,0.0,20,2,0.0,0,2.0,4,0.11258,0.00231,0.101449275362,2,0.60069,3.92553,0.08,0.04167,4
78,0,0.072,0.08,0.04329,1.0,0.0,82,3,0.035,1,32.0,41,0.0675,0,0.04329004329,0,0.23443,5.31021,1.07,0.01282,4
35,73,-0.112,0.0,0.12269,2.0,0.0,25,2,0.0,0,2.0,3,0.07678,0.00056,0.0613445378151,2,0.25289,3.22219,0.047,0.02857,4
60,0,0.185,0.036,0.0548,1.0,0.0,59,3,0.022,1,28.0,37,0.07884,0,0.054802259887,0,0.16215,4.54,1.005,0.01667,4
23,56,-0.223,0.0,0.22134,2.0,0.0,18,2,0.0,0,6.0,8,0.21753,0.01092,0.110671936759,5,0.3323,4.05577,0.213,0.04348,4
20,48,-0.178,0.0,0.25263,2.0,0.0,15,2,0.0,0,1.0,2,0.17632,0.00439,0.126315789474,1,0.32905,4.15329,0.137,0.05,4
35,0,-0.087,0.028,0.11261,1.0,0.0,37,3,0.032,1,7.0,9,0.26549,0,0.112605042017,0,0.31406,6.65977,1.124,0.02857,4
29,68,0.061,0.0,0.16749,2.0,0.0,22,2,0.0,0,2.0,3,0.09397,0.00182,0.0837438423645,2,0.64536,4.15274,0.076,0.03448,4
32,69,-0.142,0.0,0.13911,2.0,0.0,25,2,0.0,0,1.0,2,0.09316,0.00108,0.0695564516129,1,0.33743,3.44767,0.065,0.03125,4
56,131,0.07,0.0,0.08506,2.0,0.0,52,2,0.0,0,8.0,12,0.15253,0.01966,0.0425324675325,6,0.20378,4.03107,0.31,0.01786,4
46,103,0.066,0.0,0.09952,2.0,0.0,37,2,0.0,0,12.0,15,0.08755,0.00114,0.0497584541063,11,0.53474,3.83996,0.056,0.02174,4
33,96,-0.112,0.0,0.18182,3.0,0.0,32,2,0.0,0,6.0,8,0.16289,0.02468,0.0909090909091,4,0.54123,5.65216,0.396,0.0303,4
26,65,-0.242,0.0,0.2,2.0,0.0,21,2,0.0,0,3.0,4,0.12659,0.00564,0.1,2,0.68947,4.80579,0.148,0.03846,4
32,69,-0.172,0.0,0.13911,2.0,0.0,27,2,0.0,0,1.0,2,0.09337,0.00188,0.0695564516129,1,0.10938,3.35739,0.083,0.03125,4
33,75,-0.173,0.0,0.14205,2.0,0.0,26,2,0.0,0,1.0,2,0.11476,0.00214,0.0710227272727,1,0.68164,4.28381,0.1,0.0303,4
37,91,0.056,0.036,0.13664,2.0,0.0,29,2,0.0,0,9.0,13,0.15042,0.00412,0.0683183183183,7,0.24742,3.79936,0.105,0.02703,4
23,62,-0.255,0.0,0.24506,2.0,0.0,19,2,0.0,0,2.0,3,0.18739,0.00922,0.122529644269,2,1.0401,5.81834,0.237,0.04348,4
29,87,0.067,0.148,0.21429,3.0,0.0,25,3,0.077,0,5.0,7,0.23876,0.05829,0.107142857143,4,0.66499,6.61376,0.672,0.03448,4
31,68,-0.111,0.0,0.14624,2.0,0.0,27,2,0.0,0,3.0,4,0.1304,0.00445,0.0731182795699,2,0.65971,3.89323,0.114,0.03226,4
29,74,-0.278,0.0,0.18227,2.0,0.0,24,2,0.0,0,8.0,10,0.17159,0.00529,0.0911330049261,7,0.26375,4.57875,0.167,0.03448,4
29,62,-0.033,0.0,0.15271,2.0,0.0,23,2,0.0,0,3.0,4,0.11905,0.00246,0.076354679803,2,0.25287,3.24511,0.074,0.03448,4
53,122,0.094,0.056,0.08853,2.0,0.0,41,3,0.028,0,7.0,9,0.08605,0.00178,0.044267053701,6,0.30087,3.9724,0.074,0.01887,4
70,0,-0.064,0.0,0.04762,1.0,0.0,72,2,0.0,1,28.0,37,0.0779,0,0.047619047619,0,0.32646,4.95302,1.026,0.01429,4
20,46,-0.136,0.0,0.24211,2.0,0.0,17,2,0.0,0,7.0,8,0.21826,0.00673,0.121052631579,6,0.67845,4.06541,0.158,0.05,4
42,101,0.001,0.037,0.11731,2.0,0.0,35,2,0.0,0,9.0,11,0.11559,0.0038,0.0586527293844,7,0.27786,3.96177,0.117,0.02381,4
28,62,0.049,0.0,0.16402,2.0,0.0,24,2,0.0,0,1.0,2,0.1032,0.00102,0.0820105820106,1,0.65909,3.78455,0.077,0.03571,4
20,0,-0.104,0.0,0.18947,1.0,0.0,19,2,0.0,1,6.0,8,0.30289,0,0.189473684211,0,0.5127,6.26431,1.0,0.05,4
38,91,-0.318,0.008,0.12945,2.0,0.0,31,2,0.0,0,8.0,11,0.17052,0.00166,0.0647226173542,6,0.2052,3.76533,0.087,0.02632,4
35,65,0.078,0.0,0.10924,1.0,0.0,30,2,0.0,0,8.0,9,0.07506,0.0002,0.0546218487395,8,0.20714,2.64123,0.02,0.02857,4
50,108,-0.099,0.0,0.08816,2.0,0.0,41,2,0.0,0,3.0,4,0.07414,0.00158,0.0440816326531,2,0.27959,3.51908,0.07,0.02,4
34,82,-0.2,0.0,0.14617,2.0,0.0,28,2,0.0,0,6.0,8,0.16471,0.0029,0.0730837789661,5,0.80515,4.55962,0.119,0.02941,4
24,58,-0.16,0.0,0.21014,2.0,0.0,20,2,0.0,0,3.0,5,0.18269,0.00675,0.105072463768,3,1.01105,4.82686,0.181,0.04167,4
20,45,0.157,0.0,0.23684,2.0,0.0,19,2,0.0,0,4.0,6,0.15606,0.0307,0.118421052632,3,0.44091,4.29443,0.289,0.05,4
38,79,0.03,0.0,0.11238,2.0,0.0,30,2,0.0,0,16.0,20,0.08868,0.00028,0.0561877667141,14,0.30921,3.1109,0.03,0.02632,4
32,0,-0.142,0.0,0.11895,1.0,0.0,32,2,0.0,1,6.0,9,0.27518,0,0.118951612903,0,0.30005,6.0719,1.02,0.03125,4
23,62,-0.198,0.0,0.24506,2.0,0.0,20,2,0.0,0,3.0,4,0.23419,0.0207,0.122529644269,2,0.98768,6.2477,0.372,0.04348,4
21,45,-0.262,0.0,0.21429,2.0,0.0,18,2,0.0,0,1.0,2,0.16231,0.00476,0.107142857143,1,0.14603,3.51646,0.133,0.04762,4
45,97,-0.023,0.0,0.09798,2.0,0.0,36,2,0.0,0,4.0,6,0.07274,0.0011,0.0489898989899,3,0.32259,3.34083,0.048,0.02222,4
32,0,-0.078,0.0,0.11089,1.0,0.0,31,2,0.0,1,13.0,17,0.13863,0,0.110887096774,0,0.2411,4.97158,1.0,0.03125,4
24,48,-0.091,0.0,0.17391,1.0,0.0,19,2,0.0,0,3.0,4,0.1294,0.00066,0.0869565217391,3,0.0,2.81993,0.043,0.04167,4
30,74,0.069,0.0,0.17011,2.0,0.0,23,2,0.0,0,4.0,5,0.12059,0.00567,0.0850574712644,3,0.37192,4.33753,0.138,0.03333,4
30,71,-0.115,0.012,0.16322,2.0,0.0,25,2,0.0,0,2.0,3,0.13677,0.00427,0.0816091954023,2,0.67854,4.38822,0.133,0.03333,4
26,54,-0.29,0.0,0.16615,1.0,0.0,23,2,0.0,0,1.0,2,0.11292,0.00282,0.0830769230769,1,0.17308,3.27792,0.105,0.03846,4
74,0,0.298,0.154,0.04813,1.0,0.0,76,4,0.094,1,28.0,35,0.07634,0,0.0481303221029,0,0.37078,6.88052,1.061,0.01351,4
34,91,-0.25,0.0,0.16221,2.0,0.0,30,2,0.0,0,4.0,6,0.16277,0.01905,0.0811051693405,3,0.64863,5.66132,0.317,0.02941,4
28,51,0.201,0.0,0.13492,2.0,0.0,24,2,0.0,0,2.0,3,0.08415,0.00071,0.0674603174603,2,0.2381,2.797,0.037,0.03571,4
28,74,0.108,0.153,0.19577,2.0,0.0,25,3,0.126,0,4.0,6,0.22127,0.04884,0.0978835978836,3,0.62955,5.65861,0.571,0.03571,4
22,59,-0.03,0.073,0.25541,2.0,0.0,19,3,0.032,0,4.0,6,0.24107,0.02468,0.127705627706,3,0.4213,5.80279,0.411,0.04545,4
30,68,-0.051,0.0,0.15632,2.0,0.0,24,2,0.0,0,1.0,2,0.09501,0.0009,0.0781609195402,1,0.68333,3.883,0.053,0.03333,4
93,0,0.05,0.019,0.03506,1.0,0.0,99,3,0.023,1,22.0,30,0.09259,0,0.0350631136045,0,0.19307,4.72503,1.098,0.01075,4
43,101,-0.062,0.0,0.11185,2.0,0.0,35,2,0.0,0,5.0,7,0.09585,0.00108,0.0559246954596,4,0.66205,4.40633,0.07,0.02326,4
32,69,-0.18,0.018,0.13911,2.0,0.0,27,2,0.0,0,6.0,8,0.12575,0.00108,0.0695564516129,5,0.33333,3.391,0.056,0.03125,4
28,55,0.059,0.0,0.1455,2.0,0.0,22,2,0.0,0,9.0,12,0.1202,0.00122,0.0727513227513,7,0.12755,2.83549,0.053,0.03571,4
23,57,-0.324,0.0,0.2253,2.0,0.0,19,2,0.0,0,2.0,3,0.1846,0.00678,0.112648221344,2,1.10477,4.98367,0.186,0.04348,4
31,0,-0.081,0.055,0.12043,1.0,0.0,29,3,0.068,1,14.0,18,0.14508,0,0.120430107527,0,0.4681,5.76686,1.006,0.03226,4
25,55,-0.284,0.0,0.18333,2.0,0.0,18,2,0.0,0,1.0,2,0.12357,0.00101,0.0916666666667,1,0.30714,3.50029,0.067,0.04,4
41,0,-0.161,0.0,0.0878,1.0,0.0,41,2,0.0,1,12.0,15,0.14995,0,0.0878048780488,0,0.31089,5.467,1.018,0.02439,4
30,66,0.174,0.024,0.15172,2.0,0.0,24,2,0.0,0,3.0,5,0.1168,0.00172,0.0758620689655,2,0.38662,3.63158,0.067,0.03333,4
21,47,0.038,0.0,0.22381,2.0,0.0,18,2,0.0,0,2.0,3,0.14612,0.00576,0.111904761905,2,0.43821,4.09235,0.143,0.04762,4
26,58,-0.074,0.0,0.17846,2.0,0.0,21,2,0.0,0,1.0,2,0.12189,0.00167,0.0892307692308,1,0.32967,3.77881,0.08,0.03846,4
35,74,0.026,0.0,0.12437,2.0,0.0,29,2,0.0,0,4.0,6,0.09396,0.0026,0.0621848739496,3,0.20317,3.23374,0.079,0.02857,4
29,62,-0.093,0.0,0.15271,2.0,0.0,21,2,0.0,0,1.0,2,0.09935,0.00064,0.076354679803,1,0.43793,3.5753,0.052,0.03448,4
24,53,-0.193,0.0,0.19203,2.0,0.0,20,2,0.0,0,1.0,2,0.14015,0.00231,0.0960144927536,1,0.08889,3.51116,0.094,0.04167,4
44,111,-0.089,0.0,0.11734,2.0,0.0,38,2,0.0,0,13.0,17,0.14244,0.01513,0.0586680761099,9,0.31508,4.5,0.242,0.02273,4
21,45,0.288,0.05,0.21429,2.0,0.0,14,2,0.0,0,2.0,3,0.12845,0.0005,0.107142857143,2,0.23299,3.21535,0.052,0.04762,4
37,83,-0.036,0.0,0.12462,2.0,0.0,30,2,0.0,0,3.0,4,0.08842,0.00287,0.0623123123123,2,0.63086,4.00648,0.098,0.02703,4
36,75,0.123,0.0,0.11905,2.0,0.0,30,2,0.0,0,3.0,4,0.07882,0.00229,0.0595238095238,2,0.32022,3.43922,0.075,0.02778,4
38,89,-0.201,0.0,0.1266,2.0,0.0,32,2,0.0,0,7.0,10,0.13891,0.00166,0.0633001422475,5,0.43186,3.86445,0.074,0.02632,4
36,95,-0.157,0.036,0.15079,2.0,0.0,31,2,0.0,0,4.0,5,0.13824,0.00626,0.0753968253968,3,0.73336,5.22243,0.159,0.02778,4
23,0,0.009,0.0,0.15415,1.0,0.0,23,2,0.0,1,8.0,10,0.23311,0,0.154150197628,0,0.20153,5.01524,1.36,0.04348,4
