302,0,0.176,0.0,0.01203,1.0,0.0,374,2,0.0,1,16.0,22,0.11314,0,0.0120349387252,0,0.18871,5.62487,1.415,0.00331,1
220,0,0.119,0.0,0.01557,1.0,0.0,270,2,0.0,1,28.0,38,0.07217,0,0.0155666251557,0,0.16746,4.96641,1.443,0.00455,1
281,0,0.1,0.0,0.01276,1.0,0.0,342,2,0.0,1,17.0,23,0.10661,0,0.0127605490595,0,0.21126,5.52159,1.358,0.00356,1
291,0,0.126,0.0,0.01185,1.0,0.0,343,2,0.0,1,32.0,42,0.06474,0,0.0118497452305,0,0.14858,5.08061,1.297,0.00344,1
332,0,0.12,0.0,0.01026,1.0,0.0,383,2,0.0,1,38.0,49,0.0713,0,0.0102646234485,0,0.13067,5.00926,1.339,0.00301,1
298,0,0.17,0.0,0.01216,1.0,0.0,375,2,0.0,1,17.0,24,0.11144,0,0.0121573678621,0,0.1619,5.50544,1.444,0.00336,1
218,0,0.254,0.0,0.01602,1.0,0.0,262,2,0.0,1,19.0,26,0.10164,0,0.0160233374202,0,0.12868,5.21877,1.486,0.00459,1
328,0,0.041,0.0,0.01076,1.0,0.0,386,2,0.0,1,28.0,38,0.07637,0,0.0107593048408,0,0.16453,5.18983,1.188,0.00305,1
273,0,0.12,0.0,0.01352,1.0,0.0,345,2,0.0,1,16.0,22,0.10624,0,0.0135207929326,0,0.18343,5.78564,1.41,0.00366,1
287,0,0.109,0.0,0.01328,1.0,0.0,381,2,0.0,1,18.0,26,0.10514,0,0.0132794035233,0,0.22162,6.12129,1.381,0.00348,1
277,0,0.214,0.0,0.01261,1.0,0.0,331,2,0.0,1,31.0,43,0.07085,0,0.0126092188563,0,0.16364,5.2767,1.253,0.00361,1
272,0,0.045,0.0,0.01389,1.0,0.0,352,2,0.0,1,16.0,21,0.11277,0,0.0138919036249,0,0.17678,6.0026,1.542,0.00368,1
321,0,0.093,0.0,0.01094,1.0,0.0,383,2,0.0,1,21.0,27,0.09401,0,0.0109423676012,0,0.13512,5.30676,1.279,0.00312,1
264,0,0.301,0.0,0.01397,1.0,0.0,324,2,0.0,1,30.0,40,0.06549,0,0.0139705035142,0,0.15307,6.04049,1.219,0.00379,1
321,0,0.098,0.0,0.01125,1.0,0.0,395,2,0.0,1,23.0,31,0.08325,0,0.011253894081,0,0.1599,5.43252,1.385,0.00312,1
233,0,0.15,0.0,0.01495,1.0,0.0,275,2,0.0,1,19.0,25,0.09416,0,0.0149474618914,0,0.15977,5.2248,1.325,0.00429,1
323,0,0.245,0.0,0.01125,1.0,0.0,406,2,0.0,1,17.0,23,0.10536,0,0.011249350999,0,0.17646,5.60702,1.513,0.0031,1
282,0,0.105,0.0,0.01373,1.0,0.0,373,2,0.0,1,13.0,18,0.13071,0,0.0137300926276,0,0.20646,6.26222,1.486,0.00355,1
246,0,0.077,0.0,0.01526,1.0,0.0,325,2,0.0,1,15.0,21,0.12568,0,0.0152646424423,0,0.19933,6.00238,1.393,0.00407,1
355,0,0.186,0.0,0.00982,1.0,0.0,440,2,0.0,1,22.0,31,0.08543,0,0.00981936818652,0,0.20966,5.39373,1.297,0.00282,1
295,0,0.191,0.0,0.01254,1.0,0.0,373,2,0.0,1,20.0,28,0.10654,0,0.0125446788885,0,0.19719,6.12611,1.313,0.00339,1
302,0,0.136,0.0,0.01225,1.0,0.0,389,2,0.0,1,17.0,23,0.10383,0,0.0122549558866,0,0.21931,5.88962,1.284,0.00331,1
348,0,0.157,0.0,0.0099,1.0,0.0,407,2,0.0,1,27.0,36,0.07312,0,0.00990426976713,0,0.13343,5.02618,1.362,0.00287,1
292,0,0.228,0.0,0.01346,1.0,0.0,402,2,0.0,1,12.0,16,0.14164,0,0.0134632584851,0,0.18014,6.53986,1.666,0.00342,1
248,0,0.173,0.0,0.0145,1.0,0.0,309,2,0.0,1,20.0,27,0.08884,0,0.0144965391145,0,0.19525,5.44059,1.28,0.00403,1
328,0,0.157,0.0,0.01171,1.0,0.0,453,2,0.0,1,13.0,18,0.13319,0,0.0117103005892,0,0.19825,6.25524,1.713,0.00305,1
304,0,0.137,0.0,0.01131,1.0,0.0,366,2,0.0,1,25.0,34,0.07512,0,0.0113123154421,0,0.18674,5.07585,1.339,0.00329,1
340,0,0.136,0.0,0.01078,1.0,0.0,441,2,0.0,1,28.0,40,0.07424,0,0.0107756376887,0,0.15786,6.08102,1.457,0.00294,1
259,0,0.149,0.0,0.01368,1.0,0.0,309,2,0.0,1,22.0,31,0.09079,0,0.0136781299572,0,0.22851,5.36384,1.339,0.00386,1
304,0,0.185,0.0,0.01179,1.0,0.0,366,2,0.0,1,33.0,44,0.0761,0,0.011789994789,0,0.17513,5.50503,1.169,0.00329,1
332,0,0.14,0.0,0.01057,1.0,0.0,402,2,0.0,1,23.0,31,0.08111,0,0.0105740181269,0,0.17349,5.3075,1.334,0.00301,1
316,0,0.111,0.0,0.01169,1.0,0.0,396,2,0.0,1,20.0,26,0.09461,0,0.0116937914406,0,0.18146,5.89101,1.371,0.00316,1
329,0,0.075,0.0,0.0103,1.0,0.0,379,2,0.0,1,25.0,35,0.07681,0,0.0103046927126,0,0.14513,4.92484,1.355,0.00304,1
269,0,0.161,0.0,0.01357,1.0,0.0,315,2,0.0,1,28.0,36,0.06412,0,0.0135659990013,0,0.20068,5.5354,1.189,0.00372,1
274,0,0.192,0.0,0.01342,1.0,0.0,332,2,0.0,1,27.0,37,0.07145,0,0.0134221010133,0,0.18937,6.1805,1.351,0.00365,1
292,0,0.161,0.0,0.01189,1.0,0.0,352,2,0.0,1,19.0,27,0.10201,0,0.0118862684178,0,0.16143,5.28217,1.279,0.00342,1
225,0,0.385,0.0,0.01655,1.0,0.0,287,2,0.0,1,17.0,22,0.11015,0,0.0165476190476,0,0.18773,6.17037,1.418,0.00444,1
353,0,0.176,0.0,0.00988,1.0,0.0,422,2,0.0,1,22.0,31,0.08713,0,0.00988282255988,0,0.16888,5.2141,1.361,0.00283,1
215,0,0.199,0.0,0.01639,1.0,0.0,263,2,0.0,1,18.0,27,0.114,0,0.0163877417953,0,0.14119,5.33136,1.401,0.00465,1
366,0,0.153,0.0,0.0099,1.0,0.0,469,2,0.0,1,24.0,33,0.08784,0,0.00989595029568,0,0.16727,5.61466,1.566,0.00273,1
292,0,0.129,0.0,0.01198,1.0,0.0,345,2,0.0,1,30.0,41,0.0688,0,0.0119804170786,0,0.19384,5.14944,1.292,0.00342,1
318,0,0.251,0.0,0.01119,1.0,0.0,390,2,0.0,1,30.0,39,0.06192,0,0.0111898101303,0,0.19055,5.45232,1.139,0.00314,1
304,0,0.123,0.0,0.01348,1.0,0.0,445,2,0.0,1,15.0,21,0.13578,0,0.0134835852006,0,0.17675,7.28926,1.564,0.00329,1
302,0,0.176,0.0,0.01203,1.0,0.0,374,2,0.0,1,16.0,22,0.11314,0,0.0120349387252,0,0.18871,5.62487,1.415,0.00331,1
220,0,0.119,0.0,0.01557,1.0,0.0,270,2,0.0,1,28.0,38,0.07217,0,0.0155666251557,0,0.16746,4.96641,1.443,0.00455,1
281,0,0.1,0.0,0.01276,1.0,0.0,342,2,0.0,1,17.0,23,0.10661,0,0.0127605490595,0,0.21126,5.52159,1.358,0.00356,1
291,0,0.126,0.0,0.01185,1.0,0.0,343,2,0.0,1,32.0,42,0.06474,0,0.0118497452305,0,0.14858,5.08061,1.297,0.00344,1
332,0,0.12,0.0,0.01026,1.0,0.0,383,2,0.0,1,38.0,49,0.0713,0,0.0102646234485,0,0.13067,5.00926,1.339,0.00301,1
298,0,0.17,0.0,0.01216,1.0,0.0,375,2,0.0,1,17.0,24,0.11144,0,0.0121573678621,0,0.1619,5.50544,1.444,0.00336,1
218,0,0.254,0.0,0.01602,1.0,0.0,262,2,0.0,1,19.0,26,0.10164,0,0.0160233374202,0,0.12868,5.21877,1.486,0.00459,1
328,0,0.041,0.0,0.01076,1.0,0.0,386,2,0.0,1,28.0,38,0.07637,0,0.0107593048408,0,0.16453,5.18983,1.188,0.00305,1
273,0,0.12,0.0,0.01352,1.0,0.0,345,2,0.0,1,16.0,22,0.10624,0,0.0135207929326,0,0.18343,5.78564,1.41,0.00366,1
287,0,0.109,0.0,0.01328,1.0,0.0,381,2,0.0,1,18.0,26,0.10514,0,0.0132794035233,0,0.22162,6.12129,1.381,0.00348,1
277,0,0.214,0.0,0.01261,1.0,0.0,331,2,0.0,1,31.0,43,0.07085,0,0.0126092188563,0,0.16364,5.2767,1.253,0.00361,1
272,0,0.045,0.0,0.01389,1.0,0.0,352,2,0.0,1,16.0,21,0.11277,0,0.0138919036249,0,0.17678,6.0026,1.542,0.00368,1
321,0,0.093,0.0,0.01094,1.0,0.0,383,2,0.0,1,21.0,27,0.09401,0,0.0109423676012,0,0.13512,5.30676,1.279,0.00312,1
264,0,0.301,0.0,0.01397,1.0,0.0,324,2,0.0,1,30.0,40,0.06549,0,0.0139705035142,0,0.15307,6.04049,1.219,0.00379,1
321,0,0.098,0.0,0.01125,1.0,0.0,395,2,0.0,1,23.0,31,0.08325,0,0.011253894081,0,0.1599,5.43252,1.385,0.00312,1
233,0,0.15,0.0,0.01495,1.0,0.0,275,2,0.0,1,19.0,25,0.09416,0,0.0149474618914,0,0.15977,5.2248,1.325,0.00429,1
323,0,0.245,0.0,0.01125,1.0,0.0,406,2,0.0,1,17.0,23,0.10536,0,0.011249350999,0,0.17646,5.60702,1.513,0.0031,1
282,0,0.105,0.0,0.01373,1.0,0.0,373,2,0.0,1,13.0,18,0.13071,0,0.0137300926276,0,0.20646,6.26222,1.486,0.00355,1
246,0,0.077,0.0,0.01526,1.0,0.0,325,2,0.0,1,15.0,21,0.12568,0,0.0152646424423,0,0.19933,6.00238,1.393,0.00407,1
355,0,0.186,0.0,0.00982,1.0,0.0,440,2,0.0,1,22.0,31,0.08543,0,0.00981936818652,0,0.20966,5.39373,1.297,0.00282,1
295,0,0.191,0.0,0.01254,1.0,0.0,373,2,0.0,1,20.0,28,0.10654,0,0.0125446788885,0,0.19719,6.12611,1.313,0.00339,1
302,0,0.136,0.0,0.01225,1.0,0.0,389,2,0.0,1,17.0,23,0.10383,0,0.0122549558866,0,0.21931,5.88962,1.284,0.00331,1
348,0,0.157,0.0,0.0099,1.0,0.0,407,2,0.0,1,27.0,36,0.07312,0,0.00990426976713,0,0.13343,5.02618,1.362,0.00287,1
292,0,0.228,0.0,0.01346,1.0,0.0,402,2,0.0,1,12.0,16,0.14164,0,0.0134632584851,0,0.18014,6.53986,1.666,0.00342,1
248,0,0.173,0.0,0.0145,1.0,0.0,309,2,0.0,1,20.0,27,0.08884,0,0.0144965391145,0,0.19525,5.44059,1.28,0.00403,1
328,0,0.157,0.0,0.01171,1.0,0.0,453,2,0.0,1,13.0,18,0.13319,0,0.0117103005892,0,0.19825,6.25524,1.713,0.00305,1
304,0,0.137,0.0,0.01131,1.0,0.0,366,2,0.0,1,25.0,34,0.07512,0,0.0113123154421,0,0.18674,5.07585,1.339,0.00329,1
340,0,0.136,0.0,0.01078,1.0,0.0,441,2,0.0,1,28.0,40,0.07424,0,0.0107756376887,0,0.15786,6.08102,1.457,0.00294,1
259,0,0.149,0.0,0.01368,1.0,0.0,309,2,0.0,1,22.0,31,0.09079,0,0.0136781299572,0,0.22851,5.36384,1.339,0.00386,1
304,0,0.185,0.0,0.01179,1.0,0.0,366,2,0.0,1,33.0,44,0.0761,0,0.011789994789,0,0.17513,5.50503,1.169,0.00329,1
332,0,0.14,0.0,0.01057,1.0,0.0,402,2,0.0,1,23.0,31,0.08111,0,0.0105740181269,0,0.17349,5.3075,1.334,0.00301,1
316,0,0.111,0.0,0.01169,1.0,0.0,396,2,0.0,1,20.0,26,0.09461,0,0.0116937914406,0,0.18146,5.89101,1.371,0.00316,1
329,0,0.075,0.0,0.0103,1.0,0.0,379,2,0.0,1,25.0,35,0.07681,0,0.0103046927126,0,0.14513,4.92484,1.355,0.00304,1
269,0,0.161,0.0,0.01357,1.0,0.0,315,2,0.0,1,28.0,36,0.06412,0,0.0135659990013,0,0.20068,5.5354,1.189,0.00372,1
274,0,0.192,0.0,0.01342,1.0,0.0,332,2,0.0,1,27.0,37,0.07145,0,0.0134221010133,0,0.18937,6.1805,1.351,0.00365,1
292,0,0.161,0.0,0.01189,1.0,0.0,352,2,0.0,1,19.0,27,0.10201,0,0.0118862684178,0,0.16143,5.28217,1.279,0.00342,1
225,0,0.385,0.0,0.01655,1.0,0.0,287,2,0.0,1,17.0,22,0.11015,0,0.0165476190476,0,0.18773,6.17037,1.418,0.00444,1
353,0,0.176,0.0,0.00988,1.0,0.0,422,2,0.0,1,22.0,31,0.08713,0,0.00988282255988,0,0.16888,5.2141,1.361,0.00283,1
215,0,0.199,0.0,0.01639,1.0,0.0,263,2,0.0,1,18.0,27,0.114,0,0.0163877417953,0,0.14119,5.33136,1.401,0.00465,1
366,0,0.153,0.0,0.0099,1.0,0.0,469,2,0.0,1,24.0,33,0.08784,0,0.00989595029568,0,0.16727,5.61466,1.566,0.00273,1
292,0,0.129,0.0,0.01198,1.0,0.0,345,2,0.0,1,30.0,41,0.0688,0,0.0119804170786,0,0.19384,5.14944,1.292,0.00342,1
318,0,0.251,0.0,0.01119,1.0,0.0,390,2,0.0,1,30.0,39,0.06192,0,0.0111898101303,0,0.19055,5.45232,1.139,0.00314,1
304,0,0.123,0.0,0.01348,1.0,0.0,445,2,0.0,1,15.0,21,0.13578,0,0.0134835852006,0,0.17675,7.28926,1.564,0.00329,1
302,0,0.176,0.0,0.01203,1.0,0.0,374,2,0.0,1,16.0,22,0.11314,0,0.0120349387252,0,0.18871,5.62487,1.415,0.00331,1
220,0,0.119,0.0,0.01557,1.0,0.0,270,2,0.0,1,28.0,38,0.07217,0,0.0155666251557,0,0.16746,4.96641,1.443,0.00455,1
281,0,0.1,0.0,0.01276,1.0,0.0,342,2,0.0,1,17.0,23,0.10661,0,0.0127605490595,0,0.21126,5.52159,1.358,0.00356,1
291,0,0.126,0.0,0.01185,1.0,0.0,343,2,0.0,1,32.0,42,0.06474,0,0.0118497452305,0,0.14858,5.08061,1.297,0.00344,1
332,0,0.12,0.0,0.01026,1.0,0.0,383,2,0.0,1,38.0,49,0.0713,0,0.0102646234485,0,0.13067,5.00926,1.339,0.00301,1
298,0,0.17,0.0,0.01216,1.0,0.0,375,2,0.0,1,17.0,24,0.11144,0,0.0121573678621,0,0.1619,5.50544,1.444,0.00336,1
218,0,0.254,0.0,0.01602,1.0,0.0,262,2,0.0,1,19.0,26,0.10164,0,0.0160233374202,0,0.12868,5.21877,1.486,0.00459,1
328,0,0.041,0.0,0.01076,1.0,0.0,386,2,0.0,1,28.0,38,0.07637,0,0.0107593048408,0,0.16453,5.18983,1.188,0.00305,1
273,0,0.12,0.0,0.01352,1.0,0.0,345,2,0.0,1,16.0,22,0.10624,0,0.0135207929326,0,0.18343,5.78564,1.41,0.00366,1
287,0,0.109,0.0,0.01328,1.0,0.0,381,2,0.0,1,18.0,26,0.10514,0,0.0132794035233,0,0.22162,6.12129,1.381,0.00348,1
277,0,0.214,0.0,0.01261,1.0,0.0,331,2,0.0,1,31.0,43,0.07085,0,0.0126092188563,0,0.16364,5.2767,1.253,0.00361,1
272,0,0.045,0.0,0.01389,1.0,0.0,352,2,0.0,1,16.0,21,0.11277,0,0.0138919036249,0,0.17678,6.0026,1.542,0.00368,1
321,0,0.093,0.0,0.01094,1.0,0.0,383,2,0.0,1,21.0,27,0.09401,0,0.0109423676012,0,0.13512,5.30676,1.279,0.00312,1
264,0,0.301,0.0,0.01397,1.0,0.0,324,2,0.0,1,30.0,40,0.06549,0,0.0139705035142,0,0.15307,6.04049,1.219,0.00379,1
321,0,0.098,0.0,0.01125,1.0,0.0,395,2,0.0,1,23.0,31,0.08325,0,0.011253894081,0,0.1599,5.43252,1.385,0.00312,1
233,0,0.15,0.0,0.01495,1.0,0.0,275,2,0.0,1,19.0,25,0.09416,0,0.0149474618914,0,0.15977,5.2248,1.325,0.00429,1
323,0,0.245,0.0,0.01125,1.0,0.0,406,2,0.0,1,17.0,23,0.10536,0,0.011249350999,0,0.17646,5.60702,1.513,0.0031,1
282,0,0.105,0.0,0.01373,1.0,0.0,373,2,0.0,1,13.0,18,0.13071,0,0.0137300926276,0,0.20646,6.26222,1.486,0.00355,1
246,0,0.077,0.0,0.01526,1.0,0.0,325,2,0.0,1,15.0,21,0.12568,0,0.0152646424423,0,0.19933,6.00238,1.393,0.00407,1
355,0,0.186,0.0,0.00982,1.0,0.0,440,2,0.0,1,22.0,31,0.08543,0,0.00981936818652,0,0.20966,5.39373,1.297,0.00282,1
295,0,0.191,0.0,0.01254,1.0,0.0,373,2,0.0,1,20.0,28,0.10654,0,0.0125446788885,0,0.19719,6.12611,1.313,0.00339,1
302,0,0.136,0.0,0.01225,1.0,0.0,389,2,0.0,1,17.0,23,0.10383,0,0.0122549558866,0,0.21931,5.88962,1.284,0.00331,1
348,0,0.157,0.0,0.0099,1.0,0.0,407,2,0.0,1,27.0,36,0.07312,0,0.00990426976713,0,0.13343,5.02618,1.362,0.00287,1
292,0,0.228,0.0,0.01346,1.0,0.0,402,2,0.0,1,12.0,16,0.14164,0,0.0134632584851,0,0.18014,6.53986,1.666,0.00342,1
248,0,0.173,0.0,0.0145,1.0,0.0,309,2,0.0,1,20.0,27,0.08884,0,0.0144965391145,0,0.19525,5.44059,1.28,0.00403,1
328,0,0.157,0.0,0.01171,1.0,0.0,453,2,0.0,1,13.0,18,0.13319,0,0.0117103005892,0,0.19825,6.25524,1.713,0.00305,1
304,0,0.137,0.0,0.01131,1.0,0.0,366,2,0.0,1,25.0,34,0.07512,0,0.0113123154421,0,0.18674,5.07585,1.339,0.00329,1
340,0,0.136,0.0,0.01078,1.0,0.0,441,2,0.0,1,28.0,40,0.07424,0,0.0107756376887,0,0.15786,6.08102,1.457,0.00294,1
259,0,0.149,0.0,0.01368,1.0,0.0,309,2,0.0,1,22.0,31,0.09079,0,0.0136781299572,0,0.22851,5.36384,1.339,0.00386,1
304,0,0.185,0.0,0.01179,1.0,0.0,366,2,0.0,1,33.0,44,0.0761,0,0.011789994789,0,0.17513,5.50503,1.169,0.00329,1
332,0,0.14,0.0,0.01057,1.0,0.0,402,2,0.0,1,23.0,31,0.08111,0,0.0105740181269,0,0.17349,5.3075,1.334,0.00301,1
316,0,0.111,0.0,0.01169,1.0,0.0,396,2,0.0,1,20.0,26,0.09461,0,0.0116937914406,0,0.18146,5.89101,1.371,0.00316,1
329,0,0.075,0.0,0.0103,1.0,0.0,379,2,0.0,1,25.0,35,0.07681,0,0.0103046927126,0,0.14513,4.92484,1.355,0.00304,1
269,0,0.161,0.0,0.01357,1.0,0.0,315,2,0.0,1,28.0,36,0.06412,0,0.0135659990013,0,0.20068,5.5354,1.189,0.00372,1
274,0,0.192,0.0,0.01342,1.0,0.0,332,2,0.0,1,27.0,37,0.07145,0,0.0134221010133,0,0.18937,6.1805,1.351,0.00365,1
292,0,0.161,0.0,0.01189,1.0,0.0,352,2,0.0,1,19.0,27,0.10201,0,0.0118862684178,0,0.16143,5.28217,1.279,0.00342,1
225,0,0.385,0.0,0.01655,1.0,0.0,287,2,0.0,1,17.0,22,0.11015,0,0.0165476190476,0,0.18773,6.17037,1.418,0.00444,1
353,0,0.176,0.0,0.00988,1.0,0.0,422,2,0.0,1,22.0,31,0.08713,0,0.00988282255988,0,0.16888,5.2141,1.361,0.00283,1
215,0,0.199,0.0,0.01639,1.0,0.0,263,2,0.0,1,18.0,27,0.114,0,0.0163877417953,0,0.14119,5.33136,1.401,0.00465,1
366,0,0.153,0.0,0.0099,1.0,0.0,469,2,0.0,1,24.0,33,0.08784,0,0.00989595029568,0,0.16727,5.61466,1.566,0.00273,1
292,0,0.129,0.0,0.01198,1.0,0.0,345,2,0.0,1,30.0,41,0.0688,0,0.0119804170786,0,0.19384,5.14944,1.292,0.00342,1
318,0,0.251,0.0,0.01119,1.0,0.0,390,2,0.0,1,30.0,39,0.06192,0,0.0111898101303,0,0.19055,5.45232,1.139,0.00314,1
304,0,0.123,0.0,0.01348,1.0,0.0,445,2,0.0,1,15.0,21,0.13578,0,0.0134835852006,0,0.17675,7.28926,1.564,0.00329,1
302,0,0.176,0.0,0.01203,1.0,0.0,374,2,0.0,1,16.0,22,0.11314,0,0.0120349387252,0,0.18871,5.62487,1.415,0.00331,1
220,0,0.119,0.0,0.01557,1.0,0.0,270,2,0.0,1,28.0,38,0.07217,0,0.0155666251557,0,0.16746,4.96641,1.443,0.00455,1
281,0,0.1,0.0,0.01276,1.0,0.0,342,2,0.0,1,17.0,23,0.10661,0,0.0127605490595,0,0.21126,5.52159,1.358,0.00356,1
291,0,0.126,0.0,0.01185,1.0,0.0,343,2,0.0,1,32.0,42,0.06474,0,0.0118497452305,0,0.14858,5.08061,1.297,0.00344,1
332,0,0.12,0.0,0.01026,1.0,0.0,383,2,0.0,1,38.0,49,0.0713,0,0.0102646234485,0,0.13067,5.00926,1.339,0.00301,1
298,0,0.17,0.0,0.01216,1.0,0.0,375,2,0.0,1,17.0,24,0.11144,0,0.0121573678621,0,0.1619,5.50544,1.444,0.00336,1
218,0,0.254,0.0,0.01602,1.0,0.0,262,2,0.0,1,19.0,26,0.10164,0,0.0160233374202,0,0.12868,5.21877,1.486,0.00459,1
328,0,0.041,0.0,0.01076,1.0,0.0,386,2,0.0,1,28.0,38,0.07637,0,0.0107593048408,0,0.16453,5.18983,1.188,0.00305,1
273,0,0.12,0.0,0.01352,1.0,0.0,345,2,0.0,1,16.0,22,0.10624,0,0.0135207929326,0,0.18343,5.78564,1.41,0.00366,1
287,0,0.109,0.0,0.01328,1.0,0.0,381,2,0.0,1,18.0,26,0.10514,0,0.0132794035233,0,0.22162,6.12129,1.381,0.00348,1
277,0,0.214,0.0,0.01261,1.0,0.0,331,2,0.0,1,31.0,43,0.07085,0,0.0126092188563,0,0.16364,5.2767,1.253,0.00361,1
272,0,0.045,0.0,0.01389,1.0,0.0,352,2,0.0,1,16.0,21,0.11277,0,0.0138919036249,0,0.17678,6.0026,1.542,0.00368,1
321,0,0.093,0.0,0.01094,1.0,0.0,383,2,0.0,1,21.0,27,0.09401,0,0.0109423676012,0,0.13512,5.30676,1.279,0.00312,1
264,0,0.301,0.0,0.01397,1.0,0.0,324,2,0.0,1,30.0,40,0.06549,0,0.0139705035142,0,0.15307,6.04049,1.219,0.00379,1
321,0,0.098,0.0,0.01125,1.0,0.0,395,2,0.0,1,23.0,31,0.08325,0,0.011253894081,0,0.1599,5.43252,1.385,0.00312,1
233,0,0.15,0.0,0.01495,1.0,0.0,275,2,0.0,1,19.0,25,0.09416,0,0.0149474618914,0,0.15977,5.2248,1.325,0.00429,1
323,0,0.245,0.0,0.01125,1.0,0.0,406,2,0.0,1,17.0,23,0.10536,0,0.011249350999,0,0.17646,5.60702,1.513,0.0031,1
282,0,0.105,0.0,0.01373,1.0,0.0,373,2,0.0,1,13.0,18,0.13071,0,0.0137300926276,0,0.20646,6.26222,1.486,0.00355,1
246,0,0.077,0.0,0.01526,1.0,0.0,325,2,0.0,1,15.0,21,0.12568,0,0.0152646424423,0,0.19933,6.00238,1.393,0.00407,1
355,0,0.186,0.0,0.00982,1.0,0.0,440,2,0.0,1,22.0,31,0.08543,0,0.00981936818652,0,0.20966,5.39373,1.297,0.00282,1
295,0,0.191,0.0,0.01254,1.0,0.0,373,2,0.0,1,20.0,28,0.10654,0,0.0125446788885,0,0.19719,6.12611,1.313,0.00339,1
302,0,0.136,0.0,0.01225,1.0,0.0,389,2,0.0,1,17.0,23,0.10383,0,0.0122549558866,0,0.21931,5.88962,1.284,0.00331,1
348,0,0.157,0.0,0.0099,1.0,0.0,407,2,0.0,1,27.0,36,0.07312,0,0.00990426976713,0,0.13343,5.02618,1.362,0.00287,1
292,0,0.228,0.0,0.01346,1.0,0.0,402,2,0.0,1,12.0,16,0.14164,0,0.0134632584851,0,0.18014,6.53986,1.666,0.00342,1
248,0,0.173,0.0,0.0145,1.0,0.0,309,2,0.0,1,20.0,27,0.08884,0,0.0144965391145,0,0.19525,5.44059,1.28,0.00403,1
328,0,0.157,0.0,0.01171,1.0,0.0,453,2,0.0,1,13.0,18,0.13319,0,0.0117103005892,0,0.19825,6.25524,1.713,0.00305,1
304,0,0.137,0.0,0.01131,1.0,0.0,366,2,0.0,1,25.0,34,0.07512,0,0.0113123154421,0,0.18674,5.07585,1.339,0.00329,1
340,0,0.136,0.0,0.01078,1.0,0.0,441,2,0.0,1,28.0,40,0.07424,0,0.0107756376887,0,0.15786,6.08102,1.457,0.00294,1
259,0,0.149,0.0,0.01368,1.0,0.0,309,2,0.0,1,22.0,31,0.09079,0,0.0136781299572,0,0.22851,5.36384,1.339,0.00386,1
304,0,0.185,0.0,0.01179,1.0,0.0,366,2,0.0,1,33.0,44,0.0761,0,0.011789994789,0,0.17513,5.50503,1.169,0.00329,1
332,0,0.14,0.0,0.01057,1.0,0.0,402,2,0.0,1,23.0,31,0.08111,0,0.0105740181269,0,0.17349,5.3075,1.334,0.00301,1
316,0,0.111,0.0,0.01169,1.0,0.0,396,2,0.0,1,20.0,26,0.09461,0,0.0116937914406,0,0.18146,5.89101,1.371,0.00316,1
329,0,0.075,0.0,0.0103,1.0,0.0,379,2,0.0,1,25.0,35,0.07681,0,0.0103046927126,0,0.14513,4.92484,1.355,0.00304,1
269,0,0.161,0.0,0.01357,1.0,0.0,315,2,0.0,1,28.0,36,0.06412,0,0.0135659990013,0,0.20068,5.5354,1.189,0.00372,1
274,0,0.192,0.0,0.01342,1.0,0.0,332,2,0.0,1,27.0,37,0.07145,0,0.0134221010133,0,0.18937,6.1805,1.351,0.00365,1
292,0,0.161,0.0,0.01189,1.0,0.0,352,2,0.0,1,19.0,27,0.10201,0,0.0118862684178,0,0.16143,5.28217,1.279,0.00342,1
225,0,0.385,0.0,0.01655,1.0,0.0,287,2,0.0,1,17.0,22,0.11015,0,0.0165476190476,0,0.18773,6.17037,1.418,0.00444,1
353,0,0.176,0.0,0.00988,1.0,0.0,422,2,0.0,1,22.0,31,0.08713,0,0.00988282255988,0,0.16888,5.2141,1.361,0.00283,1
215,0,0.199,0.0,0.01639,1.0,0.0,263,2,0.0,1,18.0,27,0.114,0,0.0163877417953,0,0.14119,5.33136,1.401,0.00465,1
366,0,0.153,0.0,0.0099,1.0,0.0,469,2,0.0,1,24.0,33,0.08784,0,0.00989595029568,0,0.16727,5.61466,1.566,0.00273,1
292,0,0.129,0.0,0.01198,1.0,0.0,345,2,0.0,1,30.0,41,0.0688,0,0.0119804170786,0,0.19384,5.14944,1.292,0.00342,1
318,0,0.251,0.0,0.01119,1.0,0.0,390,2,0.0,1,30.0,39,0.06192,0,0.0111898101303,0,0.19055,5.45232,1.139,0.00314,1
304,0,0.123,0.0,0.01348,1.0,0.0,445,2,0.0,1,15.0,21,0.13578,0,0.0134835852006,0,0.17675,7.28926,1.564,0.00329,1
302,0,0.176,0.0,0.01203,1.0,0.0,374,2,0.0,1,16.0,22,0.11314,0,0.0120349387252,0,0.18871,5.62487,1.415,0.00331,1
220,0,0.119,0.0,0.01557,1.0,0.0,270,2,0.0,1,28.0,38,0.07217,0,0.0155666251557,0,0.16746,4.96641,1.443,0.00455,1
281,0,0.1,0.0,0.01276,1.0,0.0,342,2,0.0,1,17.0,23,0.10661,0,0.0127605490595,0,0.21126,5.52159,1.358,0.00356,1
291,0,0.126,0.0,0.01185,1.0,0.0,343,2,0.0,1,32.0,42,0.06474,0,0.0118497452305,0,0.14858,5.08061,1.297,0.00344,1
332,0,0.12,0.0,0.01026,1.0,0.0,383,2,0.0,1,38.0,49,0.0713,0,0.0102646234485,0,0.13067,5.00926,1.339,0.00301,1
298,0,0.17,0.0,0.01216,1.0,0.0,375,2,0.0,1,17.0,24,0.11144,0,0.0121573678621,0,0.1619,5.50544,1.444,0.00336,1
218,0,0.254,0.0,0.01602,1.0,0.0,262,2,0.0,1,19.0,26,0.10164,0,0.0160233374202,0,0.12868,5.21877,1.486,0.00459,1
328,0,0.041,0.0,0.01076,1.0,0.0,386,2,0.0,1,28.0,38,0.07637,0,0.0107593048408,0,0.16453,5.18983,1.188,0.00305,1
273,0,0.12,0.0,0.01352,1.0,0.0,345,2,0.0,1,16.0,22,0.10624,0,0.0135207929326,0,0.18343,5.78564,1.41,0.00366,1
287,0,0.109,0.0,0.01328,1.0,0.0,381,2,0.0,1,18.0,26,0.10514,0,0.0132794035233,0,0.22162,6.12129,1.381,0.00348,1
277,0,0.214,0.0,0.01261,1.0,0.0,331,2,0.0,1,31.0,43,0.07085,0,0.0126092188563,0,0.16364,5.2767,1.253,0.00361,1
272,0,0.045,0.0,0.01389,1.0,0.0,352,2,0.0,1,16.0,21,0.11277,0,0.0138919036249,0,0.17678,6.0026,1.542,0.00368,1
321,0,0.093,0.0,0.01094,1.0,0.0,383,2,0.0,1,21.0,27,0.09401,0,0.0109423676012,0,0.13512,5.30676,1.279,0.00312,1
264,0,0.301,0.0,0.01397,1.0,0.0,324,2,0.0,1,30.0,40,0.06549,0,0.0139705035142,0,0.15307,6.04049,1.219,0.00379,1
321,0,0.098,0.0,0.01125,1.0,0.0,395,2,0.0,1,23.0,31,0.08325,0,0.011253894081,0,0.1599,5.43252,1.385,0.00312,1
233,0,0.15,0.0,0.01495,1.0,0.0,275,2,0.0,1,19.0,25,0.09416,0,0.0149474618914,0,0.15977,5.2248,1.325,0.00429,1
323,0,0.245,0.0,0.01125,1.0,0.0,406,2,0.0,1,17.0,23,0.10536,0,0.011249350999,0,0.17646,5.60702,1.513,0.0031,1
282,0,0.105,0.0,0.01373,1.0,0.0,373,2,0.0,1,13.0,18,0.13071,0,0.0137300926276,0,0.20646,6.26222,1.486,0.00355,1
246,0,0.077,0.0,0.01526,1.0,0.0,325,2,0.0,1,15.0,21,0.12568,0,0.0152646424423,0,0.19933,6.00238,1.393,0.00407,1
355,0,0.186,0.0,0.00982,1.0,0.0,440,2,0.0,1,22.0,31,0.08543,0,0.00981936818652,0,0.20966,5.39373,1.297,0.00282,1
295,0,0.191,0.0,0.01254,1.0,0.0,373,2,0.0,1,20.0,28,0.10654,0,0.0125446788885,0,0.19719,6.12611,1.313,0.00339,1
302,0,0.136,0.0,0.01225,1.0,0.0,389,2,0.0,1,17.0,23,0.10383,0,0.0122549558866,0,0.21931,5.88962,1.284,0.00331,1
348,0,0.157,0.0,0.0099,1.0,0.0,407,2,0.0,1,27.0,36,0.07312,0,0.00990426976713,0,0.13343,5.02618,1.362,0.00287,1
292,0,0.228,0.0,0.01346,1.0,0.0,402,2,0.0,1,12.0,16,0.14164,0,0.0134632584851,0,0.18014,6.53986,1.666,0.00342,1
248,0,0.173,0.0,0.0145,1.0,0.0,309,2,0.0,1,20.0,27,0.08884,0,0.0144965391145,0,0.19525,5.44059,1.28,0.00403,1
328,0,0.157,0.0,0.01171,1.0,0.0,453,2,0.0,1,13.0,18,0.13319,0,0.0117103005892,0,0.19825,6.25524,1.713,0.00305,1
304,0,0.137,0.0,0.01131,1.0,0.0,366,2,0.0,1,25.0,34,0.07512,0,0.0113123154421,0,0.18674,5.07585,1.339,0.00329,1
340,0,0.136,0.0,0.01078,1.0,0.0,441,2,0.0,1,28.0,40,0.07424,0,0.0107756376887,0,0.15786,6.08102,1.457,0.00294,1
259,0,0.149,0.0,0.01368,1.0,0.0,309,2,0.0,1,22.0,31,0.09079,0,0.0136781299572,0,0.22851,5.36384,1.339,0.00386,1
304,0,0.185,0.0,0.01179,1.0,0.0,366,2,0.0,1,33.0,44,0.0761,0,0.011789994789,0,0.17513,5.50503,1.169,0.00329,1
332,0,0.14,0.0,0.01057,1.0,0.0,402,2,0.0,1,23.0,31,0.08111,0,0.0105740181269,0,0.17349,5.3075,1.334,0.00301,1
316,0,0.111,0.0,0.01169,1.0,0.0,396,2,0.0,1,20.0,26,0.09461,0,0.0116937914406,0,0.18146,5.89101,1.371,0.00316,1
329,0,0.075,0.0,0.0103,1.0,0.0,379,2,0.0,1,25.0,35,0.07681,0,0.0103046927126,0,0.14513,4.92484,1.355,0.00304,1
269,0,0.161,0.0,0.01357,1.0,0.0,315,2,0.0,1,28.0,36,0.06412,0,0.0135659990013,0,0.20068,5.5354,1.189,0.00372,1
274,0,0.192,0.0,0.01342,1.0,0.0,332,2,0.0,1,27.0,37,0.07145,0,0.0134221010133,0,0.18937,6.1805,1.351,0.00365,1
292,0,0.161,0.0,0.01189,1.0,0.0,352,2,0.0,1,19.0,27,0.10201,0,0.0118862684178,0,0.16143,5.28217,1.279,0.00342,1
225,0,0.385,0.0,0.01655,1.0,0.0,287,2,0.0,1,17.0,22,0.11015,0,0.0165476190476,0,0.18773,6.17037,1.418,0.00444,1
353,0,0.176,0.0,0.00988,1.0,0.0,422,2,0.0,1,22.0,31,0.08713,0,0.00988282255988,0,0.16888,5.2141,1.361,0.00283,1
215,0,0.199,0.0,0.01639,1.0,0.0,263,2,0.0,1,18.0,27,0.114,0,0.0163877417953,0,0.14119,5.33136,1.401,0.00465,1
366,0,0.153,0.0,0.0099,1.0,0.0,469,2,0.0,1,24.0,33,0.08784,0,0.00989595029568,0,0.16727,5.61466,1.566,0.00273,1
292,0,0.129,0.0,0.01198,1.0,0.0,345,2,0.0,1,30.0,41,0.0688,0,0.0119804170786,0,0.19384,5.14944,1.292,0.00342,1
318,0,0.251,0.0,0.01119,1.0,0.0,390,2,0.0,1,30.0,39,0.06192,0,0.0111898101303,0,0.19055,5.45232,1.139,0.00314,1
304,0,0.123,0.0,0.01348,1.0,0.0,445,2,0.0,1,15.0,21,0.13578,0,0.0134835852006,0,0.17675,7.28926,1.564,0.00329,1
