898,0,-0.186,0.0,0.00509,2.0,0.0,2052,2,0.0,1,0,0,0,0,0,0,0,0,0,0,1
777,0,-0.155,0.0,0.00552,2.0,0.0,1665,2,0.0,1,0,0,0,0,0,0,0,0,0,0,1
1296,0,-0.176,0.0,0.00351,2.0,0.0,2947,2,0.0,1,0,0,0,0,0,0,0,0,0,0,1
1408,0,-0.187,0.0,0.00324,2.0,0.0,3210,2,0.0,1,11.0,15,0.22155,0,0.00324069587129,0,0.15068,138101.75713,0,0.00071,1
1791,0,-0.196,0.0,0.0026,2.0,0.0,4167,2,0.0,1,0,0,0,0,0,0,0,0,0,0,1
1364,0,-0.183,0.0,0.0034,2.0,0.0,3156,2,0.0,1,0,0,0,0,0,0,0,0,0,0,1
1335,0,-0.186,0.0,0.00348,2.0,0.0,3100,2,0.0,1,0,0,0,0,0,0,0,0,0,0,1
2536,0,-0.186,0.0,0.00183,2.0,0.0,5884,2,0.0,1,0,0,0,0,0,0,0,0,0,0,1
1286,0,-0.189,0.0,0.00356,2.0,0.0,2941,2,0.0,1,0,0,0,0,0,0,0,0,0,0,1
760,0,-0.15,0.0,0.00552,2.0,0.0,1593,2,0.0,1,0,0,0,0,0,0,0,0,0,0,1
1283,0,-0.19,0.0,0.00366,2.0,0.0,3011,2,0.0,1,0,0,0,0,0,0,0,0,0,0,1
2,0,0,0.0,1.0,1.0,0.0,1,2,0.0,1,0,0,0,0,0,0,0,0,0,0,1
2542,0,-0.191,0.0,0.00187,2.0,0.0,6038,2,0.0,1,0,0,0,0,0,0,0,0,0,0,1
2626,0,-0.19,0.0,0.0018,2.0,0.0,6188,2,0.0,1,0,0,0,0,0,0,0,0,0,0,1
1445,0,-0.189,0.0,0.00317,2.0,0.0,3305,2,0.0,1,0,0,0,0,0,0,0,0,0,0,1
1364,0,-0.173,0.0,0.0033,2.0,0.0,3063,2,0.0,1,0,0,0,0,0,0,0,0,0,0,1
920,0,-0.186,0.0,0.00496,2.0,0.0,2095,2,0.0,1,0,0,0,0,0,0,0,0,0,0,1
786,0,-0.143,0.0,0.00525,2.0,0.0,1620,2,0.0,1,0,0,0,0,0,0,0,0,0,0,1
745,0,-0.158,0.0,0.00581,2.0,0.0,1610,2,0.0,1,0,0,0,0,0,0,0,0,0,0,1
1172,0,-0.18,0.0,0.00389,2.0,0.0,2672,2,0.0,1,0,0,0,0,0,0,0,0,0,0,1
744,0,-0.181,0.0,0.00613,2.0,0.0,1694,2,0.0,1,0,0,0,0,0,0,0,0,0,0,1
714,0,-0.145,0.0,0.00567,2.0,0.0,1442,2,0.0,1,0,0,0,0,0,0,0,0,0,0,1
2037,0,-0.196,0.0,0.0023,2.0,0.0,4763,2,0.0,1,0,0,0,0,0,0,0,0,0,0,1
715,0,-0.175,0.0,0.00632,2.0,0.0,1613,2,0.0,1,0,0,0,0,0,0,0,0,0,0,1
1118,0,-0.181,0.0,0.0041,2.0,0.0,2558,2,0.0,1,0,0,0,0,0,0,0,0,0,0,1
589,0,-0.18,0.0,0.00767,2.0,0.0,1328,2,0.0,1,0,0,0,0,0,0,0,0,0,0,1
1370,0,-0.192,0.0,0.00339,2.0,0.0,3180,2,0.0,1,0,0,0,0,0,0,0,0,0,0,1
1379,0,-0.191,0.0,0.00339,2.0,0.0,3225,2,0.0,1,0,0,0,0,0,0,0,0,0,0,1
1394,0,-0.189,0.0,0.00328,2.0,0.0,3188,2,0.0,1,0,0,0,0,0,0,0,0,0,0,1
1290,0,-0.189,0.0,0.00356,2.0,0.0,2963,2,0.0,1,0,0,0,0,0,0,0,0,0,0,1
3,0,-1.0,0.0,0.66667,1.0,0.0,2,2,0.0,1,0,0,0,0,0,0,0,0,0,0,1
1724,0,-0.186,0.0,0.00268,2.0,0.0,3986,2,0.0,1,0,0,0,0,0,0,0,0,0,0,1
1758,0,-0.194,0.0,0.0027,2.0,0.0,4170,2,0.0,1,0,0,0,0,0,0,0,0,0,0,1
2413,0,-0.186,0.0,0.00195,2.0,0.0,5672,2,0.0,1,0,0,0,0,0,0,0,0,0,0,1
1758,0,-0.203,0.0,0.00267,2.0,0.0,4129,2,0.0,1,0,0,0,0,0,0,0,0,0,0,1
1382,0,-0.186,0.0,0.00338,2.0,0.0,3227,2,0.0,1,0,0,0,0,0,0,0,0,0,0,1
1286,0,-0.183,0.0,0.00354,2.0,0.0,2927,2,0.0,1,0,0,0,0,0,0,0,0,0,0,1
1328,0,-0.185,0.0,0.00341,2.0,0.0,3005,2,0.0,1,0,0,0,0,0,0,0,0,0,0,1
1610,0,-0.19,0.0,0.00291,2.0,0.0,3769,2,0.0,1,0,0,0,0,0,0,0,0,0,0,1
951,0,-0.192,0.0,0.00494,2.0,0.0,2233,2,0.0,1,0,0,0,0,0,0,0,0,0,0,1
1693,0,-0.194,0.0,0.00288,2.0,0.0,4118,2,0.0,1,0,0,0,0,0,0,0,0,0,0,1
2222,0,-0.192,0.0,0.00211,2.0,0.0,5203,2,0.0,1,0,0,0,0,0,0,0,0,0,0,1
836,0,-0.16,0.0,0.00503,2.0,0.0,1754,2,0.0,1,0,0,0,0,0,0,0,0,0,0,1
898,0,-0.186,0.0,0.00509,2.0,0.0,2052,2,0.0,1,0,0,0,0,0,0,0,0,0,0,1
777,0,-0.155,0.0,0.00552,2.0,0.0,1665,2,0.0,1,0,0,0,0,0,0,0,0,0,0,1
1296,0,-0.176,0.0,0.00351,2.0,0.0,2947,2,0.0,1,0,0,0,0,0,0,0,0,0,0,1
1408,0,-0.187,0.0,0.00324,2.0,0.0,3210,2,0.0,1,11.0,15,0.22155,0,0.00324069587129,0,0.15068,138101.75713,0,0.00071,1
1791,0,-0.196,0.0,0.0026,2.0,0.0,4167,2,0.0,1,0,0,0,0,0,0,0,0,0,0,1
1364,0,-0.183,0.0,0.0034,2.0,0.0,3156,2,0.0,1,0,0,0,0,0,0,0,0,0,0,1
1335,0,-0.186,0.0,0.00348,2.0,0.0,3100,2,0.0,1,0,0,0,0,0,0,0,0,0,0,1
2536,0,-0.186,0.0,0.00183,2.0,0.0,5884,2,0.0,1,0,0,0,0,0,0,0,0,0,0,1
1286,0,-0.189,0.0,0.00356,2.0,0.0,2941,2,0.0,1,0,0,0,0,0,0,0,0,0,0,1
760,0,-0.15,0.0,0.00552,2.0,0.0,1593,2,0.0,1,0,0,0,0,0,0,0,0,0,0,1
1283,0,-0.19,0.0,0.00366,2.0,0.0,3011,2,0.0,1,0,0,0,0,0,0,0,0,0,0,1
2,0,0,0.0,1.0,1.0,0.0,1,2,0.0,1,0,0,0,0,0,0,0,0,0,0,1
2542,0,-0.191,0.0,0.00187,2.0,0.0,6038,2,0.0,1,0,0,0,0,0,0,0,0,0,0,1
2626,0,-0.19,0.0,0.0018,2.0,0.0,6188,2,0.0,1,0,0,0,0,0,0,0,0,0,0,1
1445,0,-0.189,0.0,0.00317,2.0,0.0,3305,2,0.0,1,0,0,0,0,0,0,0,0,0,0,1
1364,0,-0.173,0.0,0.0033,2.0,0.0,3063,2,0.0,1,0,0,0,0,0,0,0,0,0,0,1
920,0,-0.186,0.0,0.00496,2.0,0.0,2095,2,0.0,1,0,0,0,0,0,0,0,0,0,0,1
786,0,-0.143,0.0,0.00525,2.0,0.0,1620,2,0.0,1,0,0,0,0,0,0,0,0,0,0,1
745,0,-0.158,0.0,0.00581,2.0,0.0,1610,2,0.0,1,0,0,0,0,0,0,0,0,0,0,1
1172,0,-0.18,0.0,0.00389,2.0,0.0,2672,2,0.0,1,0,0,0,0,0,0,0,0,0,0,1
744,0,-0.181,0.0,0.00613,2.0,0.0,1694,2,0.0,1,0,0,0,0,0,0,0,0,0,0,1
714,0,-0.145,0.0,0.00567,2.0,0.0,1442,2,0.0,1,0,0,0,0,0,0,0,0,0,0,1
2037,0,-0.196,0.0,0.0023,2.0,0.0,4763,2,0.0,1,0,0,0,0,0,0,0,0,0,0,1
715,0,-0.175,0.0,0.00632,2.0,0.0,1613,2,0.0,1,0,0,0,0,0,0,0,0,0,0,1
1118,0,-0.181,0.0,0.0041,2.0,0.0,2558,2,0.0,1,0,0,0,0,0,0,0,0,0,0,1
589,0,-0.18,0.0,0.00767,2.0,0.0,1328,2,0.0,1,0,0,0,0,0,0,0,0,0,0,1
1370,0,-0.192,0.0,0.00339,2.0,0.0,3180,2,0.0,1,0,0,0,0,0,0,0,0,0,0,1
1379,0,-0.191,0.0,0.00339,2.0,0.0,3225,2,0.0,1,0,0,0,0,0,0,0,0,0,0,1
1394,0,-0.189,0.0,0.00328,2.0,0.0,3188,2,0.0,1,0,0,0,0,0,0,0,0,0,0,1
1290,0,-0.189,0.0,0.00356,2.0,0.0,2963,2,0.0,1,0,0,0,0,0,0,0,0,0,0,1
3,0,-1.0,0.0,0.66667,1.0,0.0,2,2,0.0,1,0,0,0,0,0,0,0,0,0,0,1
1724,0,-0.186,0.0,0.00268,2.0,0.0,3986,2,0.0,1,0,0,0,0,0,0,0,0,0,0,1
1758,0,-0.194,0.0,0.0027,2.0,0.0,4170,2,0.0,1,0,0,0,0,0,0,0,0,0,0,1
2413,0,-0.186,0.0,0.00195,2.0,0.0,5672,2,0.0,1,0,0,0,0,0,0,0,0,0,0,1
1758,0,-0.203,0.0,0.00267,2.0,0.0,4129,2,0.0,1,0,0,0,0,0,0,0,0,0,0,1
1382,0,-0.186,0.0,0.00338,2.0,0.0,3227,2,0.0,1,0,0,0,0,0,0,0,0,0,0,1
1286,0,-0.183,0.0,0.00354,2.0,0.0,2927,2,0.0,1,0,0,0,0,0,0,0,0,0,0,1
1328,0,-0.185,0.0,0.00341,2.0,0.0,3005,2,0.0,1,0,0,0,0,0,0,0,0,0,0,1
1610,0,-0.19,0.0,0.00291,2.0,0.0,3769,2,0.0,1,0,0,0,0,0,0,0,0,0,0,1
951,0,-0.192,0.0,0.00494,2.0,0.0,2233,2,0.0,1,0,0,0,0,0,0,0,0,0,0,1
1693,0,-0.194,0.0,0.00288,2.0,0.0,4118,2,0.0,1,0,0,0,0,0,0,0,0,0,0,1
2222,0,-0.192,0.0,0.00211,2.0,0.0,5203,2,0.0,1,0,0,0,0,0,0,0,0,0,0,1
836,0,-0.16,0.0,0.00503,2.0,0.0,1754,2,0.0,1,0,0,0,0,0,0,0,0,0,0,1
898,0,-0.186,0.0,0.00509,2.0,0.0,2052,2,0.0,1,0,0,0,0,0,0,0,0,0,0,1
777,0,-0.155,0.0,0.00552,2.0,0.0,1665,2,0.0,1,0,0,0,0,0,0,0,0,0,0,1
1296,0,-0.176,0.0,0.00351,2.0,0.0,2947,2,0.0,1,0,0,0,0,0,0,0,0,0,0,1
1408,0,-0.187,0.0,0.00324,2.0,0.0,3210,2,0.0,1,11.0,15,0.22155,0,0.00324069587129,0,0.15068,138101.75713,0,0.00071,1
1791,0,-0.196,0.0,0.0026,2.0,0.0,4167,2,0.0,1,0,0,0,0,0,0,0,0,0,0,1
1364,0,-0.183,0.0,0.0034,2.0,0.0,3156,2,0.0,1,0,0,0,0,0,0,0,0,0,0,1
1335,0,-0.186,0.0,0.00348,2.0,0.0,3100,2,0.0,1,0,0,0,0,0,0,0,0,0,0,1
2536,0,-0.186,0.0,0.00183,2.0,0.0,5884,2,0.0,1,0,0,0,0,0,0,0,0,0,0,1
1286,0,-0.189,0.0,0.00356,2.0,0.0,2941,2,0.0,1,0,0,0,0,0,0,0,0,0,0,1
760,0,-0.15,0.0,0.00552,2.0,0.0,1593,2,0.0,1,0,0,0,0,0,0,0,0,0,0,1
1283,0,-0.19,0.0,0.00366,2.0,0.0,3011,2,0.0,1,0,0,0,0,0,0,0,0,0,0,1
2,0,0,0.0,1.0,1.0,0.0,1,2,0.0,1,0,0,0,0,0,0,0,0,0,0,1
2542,0,-0.191,0.0,0.00187,2.0,0.0,6038,2,0.0,1,0,0,0,0,0,0,0,0,0,0,1
2626,0,-0.19,0.0,0.0018,2.0,0.0,6188,2,0.0,1,0,0,0,0,0,0,0,0,0,0,1
1445,0,-0.189,0.0,0.00317,2.0,0.0,3305,2,0.0,1,0,0,0,0,0,0,0,0,0,0,1
1364,0,-0.173,0.0,0.0033,2.0,0.0,3063,2,0.0,1,0,0,0,0,0,0,0,0,0,0,1
920,0,-0.186,0.0,0.00496,2.0,0.0,2095,2,0.0,1,0,0,0,0,0,0,0,0,0,0,1
786,0,-0.143,0.0,0.00525,2.0,0.0,1620,2,0.0,1,0,0,0,0,0,0,0,0,0,0,1
745,0,-0.158,0.0,0.00581,2.0,0.0,1610,2,0.0,1,0,0,0,0,0,0,0,0,0,0,1
1172,0,-0.18,0.0,0.00389,2.0,0.0,2672,2,0.0,1,0,0,0,0,0,0,0,0,0,0,1
744,0,-0.181,0.0,0.00613,2.0,0.0,1694,2,0.0,1,0,0,0,0,0,0,0,0,0,0,1
714,0,-0.145,0.0,0.00567,2.0,0.0,1442,2,0.0,1,0,0,0,0,0,0,0,0,0,0,1
2037,0,-0.196,0.0,0.0023,2.0,0.0,4763,2,0.0,1,0,0,0,0,0,0,0,0,0,0,1
715,0,-0.175,0.0,0.00632,2.0,0.0,1613,2,0.0,1,0,0,0,0,0,0,0,0,0,0,1
1118,0,-0.181,0.0,0.0041,2.0,0.0,2558,2,0.0,1,0,0,0,0,0,0,0,0,0,0,1
589,0,-0.18,0.0,0.00767,2.0,0.0,1328,2,0.0,1,0,0,0,0,0,0,0,0,0,0,1
1370,0,-0.192,0.0,0.00339,2.0,0.0,3180,2,0.0,1,0,0,0,0,0,0,0,0,0,0,1
1379,0,-0.191,0.0,0.00339,2.0,0.0,3225,2,0.0,1,0,0,0,0,0,0,0,0,0,0,1
1394,0,-0.189,0.0,0.00328,2.0,0.0,3188,2,0.0,1,0,0,0,0,0,0,0,0,0,0,1
1290,0,-0.189,0.0,0.00356,2.0,0.0,2963,2,0.0,1,0,0,0,0,0,0,0,0,0,0,1
3,0,-1.0,0.0,0.66667,1.0,0.0,2,2,0.0,1,0,0,0,0,0,0,0,0,0,0,1
1724,0,-0.186,0.0,0.00268,2.0,0.0,3986,2,0.0,1,0,0,0,0,0,0,0,0,0,0,1
1758,0,-0.194,0.0,0.0027,2.0,0.0,4170,2,0.0,1,0,0,0,0,0,0,0,0,0,0,1
2413,0,-0.186,0.0,0.00195,2.0,0.0,5672,2,0.0,1,0,0,0,0,0,0,0,0,0,0,1
1758,0,-0.203,0.0,0.00267,2.0,0.0,4129,2,0.0,1,0,0,0,0,0,0,0,0,0,0,1
1382,0,-0.186,0.0,0.00338,2.0,0.0,3227,2,0.0,1,0,0,0,0,0,0,0,0,0,0,1
1286,0,-0.183,0.0,0.00354,2.0,0.0,2927,2,0.0,1,0,0,0,0,0,0,0,0,0,0,1
1328,0,-0.185,0.0,0.00341,2.0,0.0,3005,2,0.0,1,0,0,0,0,0,0,0,0,0,0,1
1610,0,-0.19,0.0,0.00291,2.0,0.0,3769,2,0.0,1,0,0,0,0,0,0,0,0,0,0,1
951,0,-0.192,0.0,0.00494,2.0,0.0,2233,2,0.0,1,0,0,0,0,0,0,0,0,0,0,1
1693,0,-0.194,0.0,0.00288,2.0,0.0,4118,2,0.0,1,0,0,0,0,0,0,0,0,0,0,1
2222,0,-0.192,0.0,0.00211,2.0,0.0,5203,2,0.0,1,0,0,0,0,0,0,0,0,0,0,1
836,0,-0.16,0.0,0.00503,2.0,0.0,1754,2,0.0,1,0,0,0,0,0,0,0,0,0,0,1
