79,0,0.062,0.0,0.04479,1.0,0.0,88,2,0.0,1,17.0,24,0.12376,0,0.0447906523856,0,0.2015,5.23995,1.142,0.01266,1
89,0,0.28,0.0,0.03933,1.0,0.0,114,2,0.0,1,26.0,34,0.07294,0,0.0393258426966,0,0.17681,5.57625,1.101,0.01124,1
126,0,-0.008,0.0,0.02502,1.0,0.0,144,2,0.0,1,26.0,33,0.07269,0,0.0250158730159,0,0.1408,4.35434,1.079,0.00794,1
107,0,0.143,0.0,0.03156,1.0,0.0,120,2,0.0,1,22.0,29,0.08462,0,0.0315640980427,0,0.15167,4.94668,1.163,0.00935,1
103,0,0.038,0.0,0.02989,1.0,0.0,114,2,0.0,1,32.0,42,0.06705,0,0.0298876832286,0,0.09791,4.24657,1.057,0.00971,1
95,0,-0.026,0.0,0.03651,1.0,0.0,109,2,0.0,1,23.0,31,0.08605,0,0.0365061590146,0,0.14562,4.99165,1.232,0.01053,1
75,0,0.28,0.0,0.04288,1.0,0.0,80,2,0.0,1,32.0,41,0.06939,0,0.0428828828829,0,0.1576,4.43763,1.034,0.01333,1
99,0,-0.141,0.0,0.03319,1.0,0.0,105,2,0.0,1,29.0,38,0.07258,0,0.033189033189,0,0.16368,4.68162,1.017,0.0101,1
91,0,0.078,0.0,0.03785,1.0,0.0,111,2,0.0,1,23.0,32,0.09235,0,0.037851037851,0,0.18538,4.90418,1.061,0.01099,1
76,0,0.129,0.0,0.04737,1.0,0.0,91,2,0.0,1,18.0,23,0.10735,0,0.0473684210526,0,0.18546,5.50896,1.16,0.01316,1
130,0,0.072,0.0,0.02516,1.0,0.0,150,2,0.0,1,22.0,30,0.09334,0,0.0251639833035,0,0.14067,4.62181,1.372,0.00769,1
89,0,0.138,0.0,0.03779,1.0,0.0,100,2,0.0,1,20.0,27,0.11296,0,0.0377936670072,0,0.1069,4.76395,1.083,0.01124,1
115,0,0.192,0.0,0.02807,1.0,0.0,129,2,0.0,1,23.0,29,0.08302,0,0.0280701754386,0,0.19516,4.51767,1.205,0.0087,1
93,0,0.036,0.0,0.03553,1.0,0.0,99,2,0.0,1,32.0,40,0.06016,0,0.0355306217859,0,0.17515,4.72881,1.043,0.01075,1
77,0,0.094,0.0,0.04135,1.0,0.0,79,2,0.0,1,33.0,43,0.06893,0,0.0413533834586,0,0.18261,4.55039,1.097,0.01299,1
107,0,0.251,0.0,0.03139,1.0,0.0,123,2,0.0,1,24.0,31,0.09424,0,0.0313877622994,0,0.16847,5.10449,1.15,0.00935,1
92,0,0.045,0.0,0.03751,1.0,0.0,105,2,0.0,1,20.0,26,0.09931,0,0.0375059722886,0,0.19037,5.07778,1.039,0.01087,1
121,0,0.365,0.0,0.02686,1.0,0.0,139,2,0.0,1,34.0,42,0.06589,0,0.0268595041322,0,0.0816,4.75304,1.096,0.00826,1
86,0,0.258,0.0,0.04131,1.0,0.0,103,2,0.0,1,14.0,19,0.13994,0,0.0413132694938,0,0.17509,5.41616,1.202,0.01163,1
119,0,0.17,0.0,0.02749,1.0,0.0,143,2,0.0,1,21.0,28,0.08768,0,0.0274889616864,0,0.18566,4.63032,1.166,0.0084,1
94,0,0.09,0.0,0.03729,1.0,0.0,112,2,0.0,1,21.0,27,0.10085,0,0.037291237703,0,0.15595,5.06005,1.138,0.01064,1
126,0,0.142,0.0,0.02616,1.0,0.0,149,2,0.0,1,20.0,28,0.10529,0,0.0261587301587,0,0.26129,4.75603,1.052,0.00794,1
71,0,0.089,0.0,0.0495,1.0,0.0,82,2,0.0,1,23.0,31,0.08591,0,0.0494969818913,0,0.2051,5.19773,1.068,0.01408,1
124,0,0.069,0.0,0.02505,1.0,0.0,143,2,0.0,1,34.0,46,0.06714,0,0.0250458956202,0,0.14346,4.39364,1.109,0.00806,1
80,0,-0.117,0.0,0.04304,1.0,0.0,93,2,0.0,1,25.0,33,0.08094,0,0.0430379746835,0,0.27138,5.16082,1.028,0.0125,1
112,0,0.133,0.0,0.0288,1.0,0.0,128,2,0.0,1,23.0,31,0.09884,0,0.0287966537967,0,0.11092,4.64028,1.125,0.00893,1
53,0,-0.178,0.0,0.06531,1.0,0.0,58,2,0.0,1,17.0,23,0.11295,0,0.0653120464441,0,0.26065,4.96392,1.026,0.01887,1
87,0,-0.002,0.0,0.03475,1.0,0.0,90,2,0.0,1,41.0,54,0.05388,0,0.0347500668271,0,0.11895,4.09507,1.012,0.01149,1
87,0,0.239,0.0,0.0409,1.0,0.0,103,2,0.0,1,32.0,43,0.07538,0,0.0408981555734,0,0.14105,5.167,1.042,0.01149,1
78,0,0.122,0.0,0.04262,1.0,0.0,83,2,0.0,1,28.0,34,0.07161,0,0.042624042624,0,0.25506,4.77441,1.038,0.01282,1
92,0,0.165,0.0,0.03559,1.0,0.0,107,2,0.0,1,38.0,48,0.05541,0,0.0355948399427,0,0.15925,4.67208,1.023,0.01087,1
70,0,-0.026,0.0,0.04928,1.0,0.0,79,2,0.0,1,24.0,32,0.08531,0,0.0492753623188,0,0.21365,5.1616,1.024,0.01429,1
52,0,0.197,0.0,0.06787,1.0,0.0,59,2,0.0,1,17.0,22,0.11344,0,0.0678733031674,0,0.21724,5.23872,1.035,0.01923,1
68,0,0.037,0.0,0.05268,1.0,0.0,72,2,0.0,1,16.0,22,0.11067,0,0.0526777875329,0,0.24425,5.21481,1.251,0.01471,1
92,0,0.151,0.0,0.03894,1.0,0.0,111,2,0.0,1,24.0,30,0.09999,0,0.038939321548,0,0.15181,5.41563,1.084,0.01087,1
141,0,0.147,0.0,0.0228,1.0,0.0,158,2,0.0,1,45.0,62,0.05239,0,0.0227963525836,0,0.11046,4.4837,1.034,0.00709,1
86,0,0.088,0.0,0.0394,1.0,0.0,102,2,0.0,1,22.0,29,0.11248,0,0.0393980848153,0,0.168,4.97329,1.048,0.01163,1
113,0,0.083,0.0,0.02829,1.0,0.0,128,2,0.0,1,20.0,26,0.10324,0,0.0282869785082,0,0.11713,4.63307,1.081,0.00885,1
79,0,0.062,0.0,0.04479,1.0,0.0,88,2,0.0,1,17.0,24,0.12376,0,0.0447906523856,0,0.2015,5.23995,1.142,0.01266,1
89,0,0.28,0.0,0.03933,1.0,0.0,114,2,0.0,1,26.0,34,0.07294,0,0.0393258426966,0,0.17681,5.57625,1.101,0.01124,1
126,0,-0.008,0.0,0.02502,1.0,0.0,144,2,0.0,1,26.0,33,0.07269,0,0.0250158730159,0,0.1408,4.35434,1.079,0.00794,1
107,0,0.143,0.0,0.03156,1.0,0.0,120,2,0.0,1,22.0,29,0.08462,0,0.0315640980427,0,0.15167,4.94668,1.163,0.00935,1
103,0,0.038,0.0,0.02989,1.0,0.0,114,2,0.0,1,32.0,42,0.06705,0,0.0298876832286,0,0.09791,4.24657,1.057,0.00971,1
95,0,-0.026,0.0,0.03651,1.0,0.0,109,2,0.0,1,23.0,31,0.08605,0,0.0365061590146,0,0.14562,4.99165,1.232,0.01053,1
75,0,0.28,0.0,0.04288,1.0,0.0,80,2,0.0,1,32.0,41,0.06939,0,0.0428828828829,0,0.1576,4.43763,1.034,0.01333,1
99,0,-0.141,0.0,0.03319,1.0,0.0,105,2,0.0,1,29.0,38,0.07258,0,0.033189033189,0,0.16368,4.68162,1.017,0.0101,1
91,0,0.078,0.0,0.03785,1.0,0.0,111,2,0.0,1,23.0,32,0.09235,0,0.037851037851,0,0.18538,4.90418,1.061,0.01099,1
76,0,0.129,0.0,0.04737,1.0,0.0,91,2,0.0,1,18.0,23,0.10735,0,0.0473684210526,0,0.18546,5.50896,1.16,0.01316,1
130,0,0.072,0.0,0.02516,1.0,0.0,150,2,0.0,1,22.0,30,0.09334,0,0.0251639833035,0,0.14067,4.62181,1.372,0.00769,1
89,0,0.138,0.0,0.03779,1.0,0.0,100,2,0.0,1,20.0,27,0.11296,0,0.0377936670072,0,0.1069,4.76395,1.083,0.01124,1
115,0,0.192,0.0,0.02807,1.0,0.0,129,2,0.0,1,23.0,29,0.08302,0,0.0280701754386,0,0.19516,4.51767,1.205,0.0087,1
93,0,0.036,0.0,0.03553,1.0,0.0,99,2,0.0,1,32.0,40,0.06016,0,0.0355306217859,0,0.17515,4.72881,1.043,0.01075,1
77,0,0.094,0.0,0.04135,1.0,0.0,79,2,0.0,1,33.0,43,0.06893,0,0.0413533834586,0,0.18261,4.55039,1.097,0.01299,1
107,0,0.251,0.0,0.03139,1.0,0.0,123,2,0.0,1,24.0,31,0.09424,0,0.0313877622994,0,0.16847,5.10449,1.15,0.00935,1
92,0,0.045,0.0,0.03751,1.0,0.0,105,2,0.0,1,20.0,26,0.09931,0,0.0375059722886,0,0.19037,5.07778,1.039,0.01087,1
121,0,0.365,0.0,0.02686,1.0,0.0,139,2,0.0,1,34.0,42,0.06589,0,0.0268595041322,0,0.0816,4.75304,1.096,0.00826,1
86,0,0.258,0.0,0.04131,1.0,0.0,103,2,0.0,1,14.0,19,0.13994,0,0.0413132694938,0,0.17509,5.41616,1.202,0.01163,1
119,0,0.17,0.0,0.02749,1.0,0.0,143,2,0.0,1,21.0,28,0.08768,0,0.0274889616864,0,0.18566,4.63032,1.166,0.0084,1
94,0,0.09,0.0,0.03729,1.0,0.0,112,2,0.0,1,21.0,27,0.10085,0,0.037291237703,0,0.15595,5.06005,1.138,0.01064,1
126,0,0.142,0.0,0.02616,1.0,0.0,149,2,0.0,1,20.0,28,0.10529,0,0.0261587301587,0,0.26129,4.75603,1.052,0.00794,1
71,0,0.089,0.0,0.0495,1.0,0.0,82,2,0.0,1,23.0,31,0.08591,0,0.0494969818913,0,0.2051,5.19773,1.068,0.01408,1
124,0,0.069,0.0,0.02505,1.0,0.0,143,2,0.0,1,34.0,46,0.06714,0,0.0250458956202,0,0.14346,4.39364,1.109,0.00806,1
80,0,-0.117,0.0,0.04304,1.0,0.0,93,2,0.0,1,25.0,33,0.08094,0,0.0430379746835,0,0.27138,5.16082,1.028,0.0125,1
112,0,0.133,0.0,0.0288,1.0,0.0,128,2,0.0,1,23.0,31,0.09884,0,0.0287966537967,0,0.11092,4.64028,1.125,0.00893,1
53,0,-0.178,0.0,0.06531,1.0,0.0,58,2,0.0,1,17.0,23,0.11295,0,0.0653120464441,0,0.26065,4.96392,1.026,0.01887,1
87,0,-0.002,0.0,0.03475,1.0,0.0,90,2,0.0,1,41.0,54,0.05388,0,0.0347500668271,0,0.11895,4.09507,1.012,0.01149,1
87,0,0.239,0.0,0.0409,1.0,0.0,103,2,0.0,1,32.0,43,0.07538,0,0.0408981555734,0,0.14105,5.167,1.042,0.01149,1
78,0,0.122,0.0,0.04262,1.0,0.0,83,2,0.0,1,28.0,34,0.07161,0,0.042624042624,0,0.25506,4.77441,1.038,0.01282,1
92,0,0.165,0.0,0.03559,1.0,0.0,107,2,0.0,1,38.0,48,0.05541,0,0.0355948399427,0,0.15925,4.67208,1.023,0.01087,1
70,0,-0.026,0.0,0.04928,1.0,0.0,79,2,0.0,1,24.0,32,0.08531,0,0.0492753623188,0,0.21365,5.1616,1.024,0.01429,1
52,0,0.197,0.0,0.06787,1.0,0.0,59,2,0.0,1,17.0,22,0.11344,0,0.0678733031674,0,0.21724,5.23872,1.035,0.01923,1
68,0,0.037,0.0,0.05268,1.0,0.0,72,2,0.0,1,16.0,22,0.11067,0,0.0526777875329,0,0.24425,5.21481,1.251,0.01471,1
92,0,0.151,0.0,0.03894,1.0,0.0,111,2,0.0,1,24.0,30,0.09999,0,0.038939321548,0,0.15181,5.41563,1.084,0.01087,1
141,0,0.147,0.0,0.0228,1.0,0.0,158,2,0.0,1,45.0,62,0.05239,0,0.0227963525836,0,0.11046,4.4837,1.034,0.00709,1
86,0,0.088,0.0,0.0394,1.0,0.0,102,2,0.0,1,22.0,29,0.11248,0,0.0393980848153,0,0.168,4.97329,1.048,0.01163,1
113,0,0.083,0.0,0.02829,1.0,0.0,128,2,0.0,1,20.0,26,0.10324,0,0.0282869785082,0,0.11713,4.63307,1.081,0.00885,1
79,0,0.062,0.0,0.04479,1.0,0.0,88,2,0.0,1,17.0,24,0.12376,0,0.0447906523856,0,0.2015,5.23995,1.142,0.01266,1
89,0,0.28,0.0,0.03933,1.0,0.0,114,2,0.0,1,26.0,34,0.07294,0,0.0393258426966,0,0.17681,5.57625,1.101,0.01124,1
126,0,-0.008,0.0,0.02502,1.0,0.0,144,2,0.0,1,26.0,33,0.07269,0,0.0250158730159,0,0.1408,4.35434,1.079,0.00794,1
107,0,0.143,0.0,0.03156,1.0,0.0,120,2,0.0,1,22.0,29,0.08462,0,0.0315640980427,0,0.15167,4.94668,1.163,0.00935,1
103,0,0.038,0.0,0.02989,1.0,0.0,114,2,0.0,1,32.0,42,0.06705,0,0.0298876832286,0,0.09791,4.24657,1.057,0.00971,1
95,0,-0.026,0.0,0.03651,1.0,0.0,109,2,0.0,1,23.0,31,0.08605,0,0.0365061590146,0,0.14562,4.99165,1.232,0.01053,1
75,0,0.28,0.0,0.04288,1.0,0.0,80,2,0.0,1,32.0,41,0.06939,0,0.0428828828829,0,0.1576,4.43763,1.034,0.01333,1
99,0,-0.141,0.0,0.03319,1.0,0.0,105,2,0.0,1,29.0,38,0.07258,0,0.033189033189,0,0.16368,4.68162,1.017,0.0101,1
91,0,0.078,0.0,0.03785,1.0,0.0,111,2,0.0,1,23.0,32,0.09235,0,0.037851037851,0,0.18538,4.90418,1.061,0.01099,1
76,0,0.129,0.0,0.04737,1.0,0.0,91,2,0.0,1,18.0,23,0.10735,0,0.0473684210526,0,0.18546,5.50896,1.16,0.01316,1
130,0,0.072,0.0,0.02516,1.0,0.0,150,2,0.0,1,22.0,30,0.09334,0,0.0251639833035,0,0.14067,4.62181,1.372,0.00769,1
89,0,0.138,0.0,0.03779,1.0,0.0,100,2,0.0,1,20.0,27,0.11296,0,0.0377936670072,0,0.1069,4.76395,1.083,0.01124,1
115,0,0.192,0.0,0.02807,1.0,0.0,129,2,0.0,1,23.0,29,0.08302,0,0.0280701754386,0,0.19516,4.51767,1.205,0.0087,1
93,0,0.036,0.0,0.03553,1.0,0.0,99,2,0.0,1,32.0,40,0.06016,0,0.0355306217859,0,0.17515,4.72881,1.043,0.01075,1
77,0,0.094,0.0,0.04135,1.0,0.0,79,2,0.0,1,33.0,43,0.06893,0,0.0413533834586,0,0.18261,4.55039,1.097,0.01299,1
107,0,0.251,0.0,0.03139,1.0,0.0,123,2,0.0,1,24.0,31,0.09424,0,0.0313877622994,0,0.16847,5.10449,1.15,0.00935,1
92,0,0.045,0.0,0.03751,1.0,0.0,105,2,0.0,1,20.0,26,0.09931,0,0.0375059722886,0,0.19037,5.07778,1.039,0.01087,1
121,0,0.365,0.0,0.02686,1.0,0.0,139,2,0.0,1,34.0,42,0.06589,0,0.0268595041322,0,0.0816,4.75304,1.096,0.00826,1
86,0,0.258,0.0,0.04131,1.0,0.0,103,2,0.0,1,14.0,19,0.13994,0,0.0413132694938,0,0.17509,5.41616,1.202,0.01163,1
119,0,0.17,0.0,0.02749,1.0,0.0,143,2,0.0,1,21.0,28,0.08768,0,0.0274889616864,0,0.18566,4.63032,1.166,0.0084,1
94,0,0.09,0.0,0.03729,1.0,0.0,112,2,0.0,1,21.0,27,0.10085,0,0.037291237703,0,0.15595,5.06005,1.138,0.01064,1
126,0,0.142,0.0,0.02616,1.0,0.0,149,2,0.0,1,20.0,28,0.10529,0,0.0261587301587,0,0.26129,4.75603,1.052,0.00794,1
71,0,0.089,0.0,0.0495,1.0,0.0,82,2,0.0,1,23.0,31,0.08591,0,0.0494969818913,0,0.2051,5.19773,1.068,0.01408,1
124,0,0.069,0.0,0.02505,1.0,0.0,143,2,0.0,1,34.0,46,0.06714,0,0.0250458956202,0,0.14346,4.39364,1.109,0.00806,1
80,0,-0.117,0.0,0.04304,1.0,0.0,93,2,0.0,1,25.0,33,0.08094,0,0.0430379746835,0,0.27138,5.16082,1.028,0.0125,1
112,0,0.133,0.0,0.0288,1.0,0.0,128,2,0.0,1,23.0,31,0.09884,0,0.0287966537967,0,0.11092,4.64028,1.125,0.00893,1
53,0,-0.178,0.0,0.06531,1.0,0.0,58,2,0.0,1,17.0,23,0.11295,0,0.0653120464441,0,0.26065,4.96392,1.026,0.01887,1
87,0,-0.002,0.0,0.03475,1.0,0.0,90,2,0.0,1,41.0,54,0.05388,0,0.0347500668271,0,0.11895,4.09507,1.012,0.01149,1
87,0,0.239,0.0,0.0409,1.0,0.0,103,2,0.0,1,32.0,43,0.07538,0,0.0408981555734,0,0.14105,5.167,1.042,0.01149,1
78,0,0.122,0.0,0.04262,1.0,0.0,83,2,0.0,1,28.0,34,0.07161,0,0.042624042624,0,0.25506,4.77441,1.038,0.01282,1
92,0,0.165,0.0,0.03559,1.0,0.0,107,2,0.0,1,38.0,48,0.05541,0,0.0355948399427,0,0.15925,4.67208,1.023,0.01087,1
70,0,-0.026,0.0,0.04928,1.0,0.0,79,2,0.0,1,24.0,32,0.08531,0,0.0492753623188,0,0.21365,5.1616,1.024,0.01429,1
52,0,0.197,0.0,0.06787,1.0,0.0,59,2,0.0,1,17.0,22,0.11344,0,0.0678733031674,0,0.21724,5.23872,1.035,0.01923,1
68,0,0.037,0.0,0.05268,1.0,0.0,72,2,0.0,1,16.0,22,0.11067,0,0.0526777875329,0,0.24425,5.21481,1.251,0.01471,1
92,0,0.151,0.0,0.03894,1.0,0.0,111,2,0.0,1,24.0,30,0.09999,0,0.038939321548,0,0.15181,5.41563,1.084,0.01087,1
141,0,0.147,0.0,0.0228,1.0,0.0,158,2,0.0,1,45.0,62,0.05239,0,0.0227963525836,0,0.11046,4.4837,1.034,0.00709,1
86,0,0.088,0.0,0.0394,1.0,0.0,102,2,0.0,1,22.0,29,0.11248,0,0.0393980848153,0,0.168,4.97329,1.048,0.01163,1
113,0,0.083,0.0,0.02829,1.0,0.0,128,2,0.0,1,20.0,26,0.10324,0,0.0282869785082,0,0.11713,4.63307,1.081,0.00885,1
79,0,0.062,0.0,0.04479,1.0,0.0,88,2,0.0,1,17.0,24,0.12376,0,0.0447906523856,0,0.2015,5.23995,1.142,0.01266,1
89,0,0.28,0.0,0.03933,1.0,0.0,114,2,0.0,1,26.0,34,0.07294,0,0.0393258426966,0,0.17681,5.57625,1.101,0.01124,1
126,0,-0.008,0.0,0.02502,1.0,0.0,144,2,0.0,1,26.0,33,0.07269,0,0.0250158730159,0,0.1408,4.35434,1.079,0.00794,1
107,0,0.143,0.0,0.03156,1.0,0.0,120,2,0.0,1,22.0,29,0.08462,0,0.0315640980427,0,0.15167,4.94668,1.163,0.00935,1
103,0,0.038,0.0,0.02989,1.0,0.0,114,2,0.0,1,32.0,42,0.06705,0,0.0298876832286,0,0.09791,4.24657,1.057,0.00971,1
95,0,-0.026,0.0,0.03651,1.0,0.0,109,2,0.0,1,23.0,31,0.08605,0,0.0365061590146,0,0.14562,4.99165,1.232,0.01053,1
75,0,0.28,0.0,0.04288,1.0,0.0,80,2,0.0,1,32.0,41,0.06939,0,0.0428828828829,0,0.1576,4.43763,1.034,0.01333,1
99,0,-0.141,0.0,0.03319,1.0,0.0,105,2,0.0,1,29.0,38,0.07258,0,0.033189033189,0,0.16368,4.68162,1.017,0.0101,1
91,0,0.078,0.0,0.03785,1.0,0.0,111,2,0.0,1,23.0,32,0.09235,0,0.037851037851,0,0.18538,4.90418,1.061,0.01099,1
76,0,0.129,0.0,0.04737,1.0,0.0,91,2,0.0,1,18.0,23,0.10735,0,0.0473684210526,0,0.18546,5.50896,1.16,0.01316,1
130,0,0.072,0.0,0.02516,1.0,0.0,150,2,0.0,1,22.0,30,0.09334,0,0.0251639833035,0,0.14067,4.62181,1.372,0.00769,1
89,0,0.138,0.0,0.03779,1.0,0.0,100,2,0.0,1,20.0,27,0.11296,0,0.0377936670072,0,0.1069,4.76395,1.083,0.01124,1
115,0,0.192,0.0,0.02807,1.0,0.0,129,2,0.0,1,23.0,29,0.08302,0,0.0280701754386,0,0.19516,4.51767,1.205,0.0087,1
93,0,0.036,0.0,0.03553,1.0,0.0,99,2,0.0,1,32.0,40,0.06016,0,0.0355306217859,0,0.17515,4.72881,1.043,0.01075,1
77,0,0.094,0.0,0.04135,1.0,0.0,79,2,0.0,1,33.0,43,0.06893,0,0.0413533834586,0,0.18261,4.55039,1.097,0.01299,1
107,0,0.251,0.0,0.03139,1.0,0.0,123,2,0.0,1,24.0,31,0.09424,0,0.0313877622994,0,0.16847,5.10449,1.15,0.00935,1
92,0,0.045,0.0,0.03751,1.0,0.0,105,2,0.0,1,20.0,26,0.09931,0,0.0375059722886,0,0.19037,5.07778,1.039,0.01087,1
121,0,0.365,0.0,0.02686,1.0,0.0,139,2,0.0,1,34.0,42,0.06589,0,0.0268595041322,0,0.0816,4.75304,1.096,0.00826,1
86,0,0.258,0.0,0.04131,1.0,0.0,103,2,0.0,1,14.0,19,0.13994,0,0.0413132694938,0,0.17509,5.41616,1.202,0.01163,1
119,0,0.17,0.0,0.02749,1.0,0.0,143,2,0.0,1,21.0,28,0.08768,0,0.0274889616864,0,0.18566,4.63032,1.166,0.0084,1
94,0,0.09,0.0,0.03729,1.0,0.0,112,2,0.0,1,21.0,27,0.10085,0,0.037291237703,0,0.15595,5.06005,1.138,0.01064,1
126,0,0.142,0.0,0.02616,1.0,0.0,149,2,0.0,1,20.0,28,0.10529,0,0.0261587301587,0,0.26129,4.75603,1.052,0.00794,1
71,0,0.089,0.0,0.0495,1.0,0.0,82,2,0.0,1,23.0,31,0.08591,0,0.0494969818913,0,0.2051,5.19773,1.068,0.01408,1
124,0,0.069,0.0,0.02505,1.0,0.0,143,2,0.0,1,34.0,46,0.06714,0,0.0250458956202,0,0.14346,4.39364,1.109,0.00806,1
80,0,-0.117,0.0,0.04304,1.0,0.0,93,2,0.0,1,25.0,33,0.08094,0,0.0430379746835,0,0.27138,5.16082,1.028,0.0125,1
112,0,0.133,0.0,0.0288,1.0,0.0,128,2,0.0,1,23.0,31,0.09884,0,0.0287966537967,0,0.11092,4.64028,1.125,0.00893,1
53,0,-0.178,0.0,0.06531,1.0,0.0,58,2,0.0,1,17.0,23,0.11295,0,0.0653120464441,0,0.26065,4.96392,1.026,0.01887,1
87,0,-0.002,0.0,0.03475,1.0,0.0,90,2,0.0,1,41.0,54,0.05388,0,0.0347500668271,0,0.11895,4.09507,1.012,0.01149,1
87,0,0.239,0.0,0.0409,1.0,0.0,103,2,0.0,1,32.0,43,0.07538,0,0.0408981555734,0,0.14105,5.167,1.042,0.01149,1
78,0,0.122,0.0,0.04262,1.0,0.0,83,2,0.0,1,28.0,34,0.07161,0,0.042624042624,0,0.25506,4.77441,1.038,0.01282,1
92,0,0.165,0.0,0.03559,1.0,0.0,107,2,0.0,1,38.0,48,0.05541,0,0.0355948399427,0,0.15925,4.67208,1.023,0.01087,1
70,0,-0.026,0.0,0.04928,1.0,0.0,79,2,0.0,1,24.0,32,0.08531,0,0.0492753623188,0,0.21365,5.1616,1.024,0.01429,1
52,0,0.197,0.0,0.06787,1.0,0.0,59,2,0.0,1,17.0,22,0.11344,0,0.0678733031674,0,0.21724,5.23872,1.035,0.01923,1
68,0,0.037,0.0,0.05268,1.0,0.0,72,2,0.0,1,16.0,22,0.11067,0,0.0526777875329,0,0.24425,5.21481,1.251,0.01471,1
92,0,0.151,0.0,0.03894,1.0,0.0,111,2,0.0,1,24.0,30,0.09999,0,0.038939321548,0,0.15181,5.41563,1.084,0.01087,1
141,0,0.147,0.0,0.0228,1.0,0.0,158,2,0.0,1,45.0,62,0.05239,0,0.0227963525836,0,0.11046,4.4837,1.034,0.00709,1
86,0,0.088,0.0,0.0394,1.0,0.0,102,2,0.0,1,22.0,29,0.11248,0,0.0393980848153,0,0.168,4.97329,1.048,0.01163,1
113,0,0.083,0.0,0.02829,1.0,0.0,128,2,0.0,1,20.0,26,0.10324,0,0.0282869785082,0,0.11713,4.63307,1.081,0.00885,1
79,0,0.062,0.0,0.04479,1.0,0.0,88,2,0.0,1,17.0,24,0.12376,0,0.0447906523856,0,0.2015,5.23995,1.142,0.01266,1
89,0,0.28,0.0,0.03933,1.0,0.0,114,2,0.0,1,26.0,34,0.07294,0,0.0393258426966,0,0.17681,5.57625,1.101,0.01124,1
126,0,-0.008,0.0,0.02502,1.0,0.0,144,2,0.0,1,26.0,33,0.07269,0,0.0250158730159,0,0.1408,4.35434,1.079,0.00794,1
107,0,0.143,0.0,0.03156,1.0,0.0,120,2,0.0,1,22.0,29,0.08462,0,0.0315640980427,0,0.15167,4.94668,1.163,0.00935,1
103,0,0.038,0.0,0.02989,1.0,0.0,114,2,0.0,1,32.0,42,0.06705,0,0.0298876832286,0,0.09791,4.24657,1.057,0.00971,1
95,0,-0.026,0.0,0.03651,1.0,0.0,109,2,0.0,1,23.0,31,0.08605,0,0.0365061590146,0,0.14562,4.99165,1.232,0.01053,1
75,0,0.28,0.0,0.04288,1.0,0.0,80,2,0.0,1,32.0,41,0.06939,0,0.0428828828829,0,0.1576,4.43763,1.034,0.01333,1
99,0,-0.141,0.0,0.03319,1.0,0.0,105,2,0.0,1,29.0,38,0.07258,0,0.033189033189,0,0.16368,4.68162,1.017,0.0101,1
91,0,0.078,0.0,0.03785,1.0,0.0,111,2,0.0,1,23.0,32,0.09235,0,0.037851037851,0,0.18538,4.90418,1.061,0.01099,1
76,0,0.129,0.0,0.04737,1.0,0.0,91,2,0.0,1,18.0,23,0.10735,0,0.0473684210526,0,0.18546,5.50896,1.16,0.01316,1
130,0,0.072,0.0,0.02516,1.0,0.0,150,2,0.0,1,22.0,30,0.09334,0,0.0251639833035,0,0.14067,4.62181,1.372,0.00769,1
89,0,0.138,0.0,0.03779,1.0,0.0,100,2,0.0,1,20.0,27,0.11296,0,0.0377936670072,0,0.1069,4.76395,1.083,0.01124,1
115,0,0.192,0.0,0.02807,1.0,0.0,129,2,0.0,1,23.0,29,0.08302,0,0.0280701754386,0,0.19516,4.51767,1.205,0.0087,1
93,0,0.036,0.0,0.03553,1.0,0.0,99,2,0.0,1,32.0,40,0.06016,0,0.0355306217859,0,0.17515,4.72881,1.043,0.01075,1
77,0,0.094,0.0,0.04135,1.0,0.0,79,2,0.0,1,33.0,43,0.06893,0,0.0413533834586,0,0.18261,4.55039,1.097,0.01299,1
107,0,0.251,0.0,0.03139,1.0,0.0,123,2,0.0,1,24.0,31,0.09424,0,0.0313877622994,0,0.16847,5.10449,1.15,0.00935,1
92,0,0.045,0.0,0.03751,1.0,0.0,105,2,0.0,1,20.0,26,0.09931,0,0.0375059722886,0,0.19037,5.07778,1.039,0.01087,1
121,0,0.365,0.0,0.02686,1.0,0.0,139,2,0.0,1,34.0,42,0.06589,0,0.0268595041322,0,0.0816,4.75304,1.096,0.00826,1
86,0,0.258,0.0,0.04131,1.0,0.0,103,2,0.0,1,14.0,19,0.13994,0,0.0413132694938,0,0.17509,5.41616,1.202,0.01163,1
119,0,0.17,0.0,0.02749,1.0,0.0,143,2,0.0,1,21.0,28,0.08768,0,0.0274889616864,0,0.18566,4.63032,1.166,0.0084,1
94,0,0.09,0.0,0.03729,1.0,0.0,112,2,0.0,1,21.0,27,0.10085,0,0.037291237703,0,0.15595,5.06005,1.138,0.01064,1
126,0,0.142,0.0,0.02616,1.0,0.0,149,2,0.0,1,20.0,28,0.10529,0,0.0261587301587,0,0.26129,4.75603,1.052,0.00794,1
71,0,0.089,0.0,0.0495,1.0,0.0,82,2,0.0,1,23.0,31,0.08591,0,0.0494969818913,0,0.2051,5.19773,1.068,0.01408,1
124,0,0.069,0.0,0.02505,1.0,0.0,143,2,0.0,1,34.0,46,0.06714,0,0.0250458956202,0,0.14346,4.39364,1.109,0.00806,1
80,0,-0.117,0.0,0.04304,1.0,0.0,93,2,0.0,1,25.0,33,0.08094,0,0.0430379746835,0,0.27138,5.16082,1.028,0.0125,1
112,0,0.133,0.0,0.0288,1.0,0.0,128,2,0.0,1,23.0,31,0.09884,0,0.0287966537967,0,0.11092,4.64028,1.125,0.00893,1
53,0,-0.178,0.0,0.06531,1.0,0.0,58,2,0.0,1,17.0,23,0.11295,0,0.0653120464441,0,0.26065,4.96392,1.026,0.01887,1
87,0,-0.002,0.0,0.03475,1.0,0.0,90,2,0.0,1,41.0,54,0.05388,0,0.0347500668271,0,0.11895,4.09507,1.012,0.01149,1
87,0,0.239,0.0,0.0409,1.0,0.0,103,2,0.0,1,32.0,43,0.07538,0,0.0408981555734,0,0.14105,5.167,1.042,0.01149,1
78,0,0.122,0.0,0.04262,1.0,0.0,83,2,0.0,1,28.0,34,0.07161,0,0.042624042624,0,0.25506,4.77441,1.038,0.01282,1
92,0,0.165,0.0,0.03559,1.0,0.0,107,2,0.0,1,38.0,48,0.05541,0,0.0355948399427,0,0.15925,4.67208,1.023,0.01087,1
70,0,-0.026,0.0,0.04928,1.0,0.0,79,2,0.0,1,24.0,32,0.08531,0,0.0492753623188,0,0.21365,5.1616,1.024,0.01429,1
52,0,0.197,0.0,0.06787,1.0,0.0,59,2,0.0,1,17.0,22,0.11344,0,0.0678733031674,0,0.21724,5.23872,1.035,0.01923,1
68,0,0.037,0.0,0.05268,1.0,0.0,72,2,0.0,1,16.0,22,0.11067,0,0.0526777875329,0,0.24425,5.21481,1.251,0.01471,1
92,0,0.151,0.0,0.03894,1.0,0.0,111,2,0.0,1,24.0,30,0.09999,0,0.038939321548,0,0.15181,5.41563,1.084,0.01087,1
141,0,0.147,0.0,0.0228,1.0,0.0,158,2,0.0,1,45.0,62,0.05239,0,0.0227963525836,0,0.11046,4.4837,1.034,0.00709,1
86,0,0.088,0.0,0.0394,1.0,0.0,102,2,0.0,1,22.0,29,0.11248,0,0.0393980848153,0,0.168,4.97329,1.048,0.01163,1
113,0,0.083,0.0,0.02829,1.0,0.0,128,2,0.0,1,20.0,26,0.10324,0,0.0282869785082,0,0.11713,4.63307,1.081,0.00885,1
