180,0,0.206,0.0,0.02073,1.0,0.0,221,2,0.0,1,22.0,31,0.08797,0,0.0207324643079,0,0.24784,5.83683,1.185,0.00556,1
217,0,0.082,0.0,0.0169,1.0,0.0,273,2,0.0,1,19.0,25,0.11242,0,0.0168970814132,0,0.22161,5.64136,1.476,0.00461,1
203,0,0.09,0.0,0.01717,1.0,0.0,234,2,0.0,1,21.0,30,0.0887,0,0.017168219285,0,0.16239,5.08197,1.273,0.00493,1
225,0,0.085,0.0,0.01433,1.0,0.0,247,2,0.0,1,30.0,41,0.07108,0,0.0143253968254,0,0.14468,4.5679,1.286,0.00444,1
216,0,0.089,0.0,0.01568,1.0,0.0,250,2,0.0,1,23.0,31,0.07983,0,0.0156761412575,0,0.16511,4.99117,1.208,0.00463,1
266,0,0.141,0.0,0.01271,1.0,0.0,311,2,0.0,1,35.0,47,0.0625,0,0.0127110228401,0,0.20106,4.95517,1.319,0.00376,1
259,0,0.173,0.0,0.0132,1.0,0.0,302,2,0.0,1,28.0,38,0.07008,0,0.0131992457574,0,0.22507,5.02729,1.275,0.00386,1
237,0,0.014,0.0,0.0148,1.0,0.0,279,2,0.0,1,39.0,54,0.05292,0,0.0148036901952,0,0.14889,5.19851,1.075,0.00422,1
215,0,0.026,0.0,0.01665,1.0,0.0,261,2,0.0,1,23.0,32,0.09906,0,0.016648554662,0,0.19624,5.45675,1.333,0.00465,1
154,0,0.13,0.0,0.02351,1.0,0.0,191,2,0.0,1,14.0,19,0.13079,0,0.0235124352771,0,0.21732,5.61763,1.36,0.00649,1
258,0,0.18,0.0,0.01369,1.0,0.0,313,2,0.0,1,28.0,38,0.07809,0,0.0136940849998,0,0.19712,5.39391,1.294,0.00388,1
141,0,0.103,0.0,0.02442,1.0,0.0,166,2,0.0,1,43.0,54,0.05157,0,0.0244174265451,0,0.12009,4.98881,1.063,0.00709,1
229,0,0.022,0.0,0.01532,1.0,0.0,261,2,0.0,1,29.0,37,0.06153,0,0.0153221481652,0,0.18412,5.16545,1.104,0.00437,1
288,0,0.186,0.0,0.01171,1.0,0.0,345,2,0.0,1,26.0,35,0.07825,0,0.0117111885405,0,0.15276,5.00732,1.29,0.00347,1
187,0,0.21,0.0,0.0199,1.0,0.0,236,2,0.0,1,21.0,26,0.09017,0,0.0198953481686,0,0.19686,6.10842,1.211,0.00535,1
164,0,0.168,0.0,0.02028,1.0,0.0,187,2,0.0,1,18.0,24,0.10372,0,0.0202753254526,0,0.17443,4.78584,1.371,0.0061,1
261,0,0.09,0.0,0.01471,1.0,0.0,340,2,0.0,1,19.0,26,0.10278,0,0.0147067491895,0,0.20725,6.17554,1.554,0.00383,1
209,0,0.058,0.0,0.01734,1.0,0.0,259,2,0.0,1,21.0,28,0.09081,0,0.0173444976077,0,0.25892,5.65594,1.331,0.00478,1
224,0,0.158,0.0,0.01586,1.0,0.0,270,2,0.0,1,21.0,28,0.08891,0,0.0158552210122,0,0.16279,5.34545,1.283,0.00446,1
266,0,0.159,0.0,0.01373,1.0,0.0,336,2,0.0,1,16.0,22,0.10994,0,0.0137324443183,0,0.18071,5.56595,1.598,0.00376,1
180,0,0.029,0.0,0.0193,1.0,0.0,216,2,0.0,1,17.0,24,0.10718,0,0.01930477964,0,0.20289,5.25308,1.29,0.00556,1
242,0,0.072,0.0,0.01413,1.0,0.0,286,2,0.0,1,21.0,27,0.09118,0,0.0141284592435,0,0.14238,5.00356,1.348,0.00413,1
236,0,0.163,0.0,0.01626,1.0,0.0,312,2,0.0,1,14.0,19,0.12989,0,0.0162639740353,0,0.16832,6.14889,1.538,0.00424,1
95,0,0.164,0.0,0.03897,1.0,0.0,114,2,0.0,1,31.0,42,0.07332,0,0.0389697648376,0,0.23752,5.44289,1.053,0.01053,1
218,0,0.14,0.0,0.01708,1.0,0.0,288,2,0.0,1,15.0,22,0.12714,0,0.0170802857988,0,0.1487,5.92157,1.521,0.00459,1
217,0,0.046,0.0,0.0163,1.0,0.0,257,2,0.0,1,24.0,31,0.08498,0,0.0162997098481,0,0.1754,5.31803,1.315,0.00461,1
246,0,0.031,0.0,0.01364,1.0,0.0,274,2,0.0,1,30.0,42,0.06588,0,0.0136386261822,0,0.13107,4.82251,1.201,0.00407,1
268,0,0.004,0.0,0.013,1.0,0.0,321,2,0.0,1,20.0,25,0.1062,0,0.0129968136844,0,0.15456,5.15119,1.464,0.00373,1
184,0,0.272,0.0,0.01972,1.0,0.0,229,2,0.0,1,23.0,32,0.08867,0,0.0197196483725,0,0.18661,5.56553,1.317,0.00543,1
268,0,0.173,0.0,0.01277,1.0,0.0,320,2,0.0,1,33.0,47,0.06741,0,0.0127732125887,0,0.18426,5.18442,1.265,0.00373,1
180,0,0.099,0.0,0.01949,1.0,0.0,210,2,0.0,1,23.0,28,0.08289,0,0.0194909993793,0,0.1613,5.2802,1.286,0.00556,1
265,0,0.086,0.0,0.01312,1.0,0.0,316,2,0.0,1,26.0,35,0.07411,0,0.0131217838765,0,0.13709,5.10754,1.301,0.00377,1
110,0,0.021,0.0,0.03219,1.0,0.0,136,2,0.0,1,29.0,39,0.07371,0,0.0321934945788,0,0.21298,5.327,1.049,0.00909,1
299,0,0.109,0.0,0.01131,1.0,0.0,350,2,0.0,1,19.0,26,0.09391,0,0.0113128773765,0,0.11549,4.883,1.453,0.00334,1
175,0,0.223,0.0,0.0201,1.0,0.0,210,2,0.0,1,20.0,27,0.09274,0,0.0200985221675,0,0.16139,5.37071,1.407,0.00571,1
258,0,0.181,0.0,0.01327,1.0,0.0,312,2,0.0,1,20.0,27,0.0923,0,0.0132718004404,0,0.18184,5.35144,1.41,0.00388,1
279,0,0.08,0.0,0.01189,1.0,0.0,314,2,0.0,1,34.0,48,0.06188,0,0.011887264382,0,0.12631,4.74009,1.327,0.00358,1
280,0,0.225,0.0,0.01278,1.0,0.0,344,2,0.0,1,13.0,18,0.12905,0,0.0127752176139,0,0.12672,5.37104,1.57,0.00357,1
264,0,0.083,0.0,0.0127,1.0,0.0,295,2,0.0,1,29.0,41,0.06648,0,0.0127030763913,0,0.16103,4.83189,1.308,0.00379,1
248,0,0.014,0.0,0.01404,1.0,0.0,288,2,0.0,1,33.0,46,0.06155,0,0.0140394410343,0,0.15076,5.17822,1.235,0.00403,1
204,0,0.114,0.0,0.01859,1.0,0.0,265,2,0.0,1,14.0,18,0.12244,0,0.0185936443543,0,0.18359,5.92308,1.334,0.0049,1
180,0,0.206,0.0,0.02073,1.0,0.0,221,2,0.0,1,22.0,31,0.08797,0,0.0207324643079,0,0.24784,5.83683,1.185,0.00556,1
217,0,0.082,0.0,0.0169,1.0,0.0,273,2,0.0,1,19.0,25,0.11242,0,0.0168970814132,0,0.22161,5.64136,1.476,0.00461,1
203,0,0.09,0.0,0.01717,1.0,0.0,234,2,0.0,1,21.0,30,0.0887,0,0.017168219285,0,0.16239,5.08197,1.273,0.00493,1
225,0,0.085,0.0,0.01433,1.0,0.0,247,2,0.0,1,30.0,41,0.07108,0,0.0143253968254,0,0.14468,4.5679,1.286,0.00444,1
216,0,0.089,0.0,0.01568,1.0,0.0,250,2,0.0,1,23.0,31,0.07983,0,0.0156761412575,0,0.16511,4.99117,1.208,0.00463,1
266,0,0.141,0.0,0.01271,1.0,0.0,311,2,0.0,1,35.0,47,0.0625,0,0.0127110228401,0,0.20106,4.95517,1.319,0.00376,1
259,0,0.173,0.0,0.0132,1.0,0.0,302,2,0.0,1,28.0,38,0.07008,0,0.0131992457574,0,0.22507,5.02729,1.275,0.00386,1
237,0,0.014,0.0,0.0148,1.0,0.0,279,2,0.0,1,39.0,54,0.05292,0,0.0148036901952,0,0.14889,5.19851,1.075,0.00422,1
215,0,0.026,0.0,0.01665,1.0,0.0,261,2,0.0,1,23.0,32,0.09906,0,0.016648554662,0,0.19624,5.45675,1.333,0.00465,1
154,0,0.13,0.0,0.02351,1.0,0.0,191,2,0.0,1,14.0,19,0.13079,0,0.0235124352771,0,0.21732,5.61763,1.36,0.00649,1
258,0,0.18,0.0,0.01369,1.0,0.0,313,2,0.0,1,28.0,38,0.07809,0,0.0136940849998,0,0.19712,5.39391,1.294,0.00388,1
141,0,0.103,0.0,0.02442,1.0,0.0,166,2,0.0,1,43.0,54,0.05157,0,0.0244174265451,0,0.12009,4.98881,1.063,0.00709,1
229,0,0.022,0.0,0.01532,1.0,0.0,261,2,0.0,1,29.0,37,0.06153,0,0.0153221481652,0,0.18412,5.16545,1.104,0.00437,1
288,0,0.186,0.0,0.01171,1.0,0.0,345,2,0.0,1,26.0,35,0.07825,0,0.0117111885405,0,0.15276,5.00732,1.29,0.00347,1
187,0,0.21,0.0,0.0199,1.0,0.0,236,2,0.0,1,21.0,26,0.09017,0,0.0198953481686,0,0.19686,6.10842,1.211,0.00535,1
164,0,0.168,0.0,0.02028,1.0,0.0,187,2,0.0,1,18.0,24,0.10372,0,0.0202753254526,0,0.17443,4.78584,1.371,0.0061,1
261,0,0.09,0.0,0.01471,1.0,0.0,340,2,0.0,1,19.0,26,0.10278,0,0.0147067491895,0,0.20725,6.17554,1.554,0.00383,1
209,0,0.058,0.0,0.01734,1.0,0.0,259,2,0.0,1,21.0,28,0.09081,0,0.0173444976077,0,0.25892,5.65594,1.331,0.00478,1
224,0,0.158,0.0,0.01586,1.0,0.0,270,2,0.0,1,21.0,28,0.08891,0,0.0158552210122,0,0.16279,5.34545,1.283,0.00446,1
266,0,0.159,0.0,0.01373,1.0,0.0,336,2,0.0,1,16.0,22,0.10994,0,0.0137324443183,0,0.18071,5.56595,1.598,0.00376,1
180,0,0.029,0.0,0.0193,1.0,0.0,216,2,0.0,1,17.0,24,0.10718,0,0.01930477964,0,0.20289,5.25308,1.29,0.00556,1
242,0,0.072,0.0,0.01413,1.0,0.0,286,2,0.0,1,21.0,27,0.09118,0,0.0141284592435,0,0.14238,5.00356,1.348,0.00413,1
236,0,0.163,0.0,0.01626,1.0,0.0,312,2,0.0,1,14.0,19,0.12989,0,0.0162639740353,0,0.16832,6.14889,1.538,0.00424,1
95,0,0.164,0.0,0.03897,1.0,0.0,114,2,0.0,1,31.0,42,0.07332,0,0.0389697648376,0,0.23752,5.44289,1.053,0.01053,1
218,0,0.14,0.0,0.01708,1.0,0.0,288,2,0.0,1,15.0,22,0.12714,0,0.0170802857988,0,0.1487,5.92157,1.521,0.00459,1
217,0,0.046,0.0,0.0163,1.0,0.0,257,2,0.0,1,24.0,31,0.08498,0,0.0162997098481,0,0.1754,5.31803,1.315,0.00461,1
246,0,0.031,0.0,0.01364,1.0,0.0,274,2,0.0,1,30.0,42,0.06588,0,0.0136386261822,0,0.13107,4.82251,1.201,0.00407,1
268,0,0.004,0.0,0.013,1.0,0.0,321,2,0.0,1,20.0,25,0.1062,0,0.0129968136844,0,0.15456,5.15119,1.464,0.00373,1
184,0,0.272,0.0,0.01972,1.0,0.0,229,2,0.0,1,23.0,32,0.08867,0,0.0197196483725,0,0.18661,5.56553,1.317,0.00543,1
268,0,0.173,0.0,0.01277,1.0,0.0,320,2,0.0,1,33.0,47,0.06741,0,0.0127732125887,0,0.18426,5.18442,1.265,0.00373,1
180,0,0.099,0.0,0.01949,1.0,0.0,210,2,0.0,1,23.0,28,0.08289,0,0.0194909993793,0,0.1613,5.2802,1.286,0.00556,1
265,0,0.086,0.0,0.01312,1.0,0.0,316,2,0.0,1,26.0,35,0.07411,0,0.0131217838765,0,0.13709,5.10754,1.301,0.00377,1
110,0,0.021,0.0,0.03219,1.0,0.0,136,2,0.0,1,29.0,39,0.07371,0,0.0321934945788,0,0.21298,5.327,1.049,0.00909,1
299,0,0.109,0.0,0.01131,1.0,0.0,350,2,0.0,1,19.0,26,0.09391,0,0.0113128773765,0,0.11549,4.883,1.453,0.00334,1
175,0,0.223,0.0,0.0201,1.0,0.0,210,2,0.0,1,20.0,27,0.09274,0,0.0200985221675,0,0.16139,5.37071,1.407,0.00571,1
258,0,0.181,0.0,0.01327,1.0,0.0,312,2,0.0,1,20.0,27,0.0923,0,0.0132718004404,0,0.18184,5.35144,1.41,0.00388,1
279,0,0.08,0.0,0.01189,1.0,0.0,314,2,0.0,1,34.0,48,0.06188,0,0.011887264382,0,0.12631,4.74009,1.327,0.00358,1
280,0,0.225,0.0,0.01278,1.0,0.0,344,2,0.0,1,13.0,18,0.12905,0,0.0127752176139,0,0.12672,5.37104,1.57,0.00357,1
264,0,0.083,0.0,0.0127,1.0,0.0,295,2,0.0,1,29.0,41,0.06648,0,0.0127030763913,0,0.16103,4.83189,1.308,0.00379,1
248,0,0.014,0.0,0.01404,1.0,0.0,288,2,0.0,1,33.0,46,0.06155,0,0.0140394410343,0,0.15076,5.17822,1.235,0.00403,1
204,0,0.114,0.0,0.01859,1.0,0.0,265,2,0.0,1,14.0,18,0.12244,0,0.0185936443543,0,0.18359,5.92308,1.334,0.0049,1
180,0,0.206,0.0,0.02073,1.0,0.0,221,2,0.0,1,22.0,31,0.08797,0,0.0207324643079,0,0.24784,5.83683,1.185,0.00556,1
217,0,0.082,0.0,0.0169,1.0,0.0,273,2,0.0,1,19.0,25,0.11242,0,0.0168970814132,0,0.22161,5.64136,1.476,0.00461,1
203,0,0.09,0.0,0.01717,1.0,0.0,234,2,0.0,1,21.0,30,0.0887,0,0.017168219285,0,0.16239,5.08197,1.273,0.00493,1
225,0,0.085,0.0,0.01433,1.0,0.0,247,2,0.0,1,30.0,41,0.07108,0,0.0143253968254,0,0.14468,4.5679,1.286,0.00444,1
216,0,0.089,0.0,0.01568,1.0,0.0,250,2,0.0,1,23.0,31,0.07983,0,0.0156761412575,0,0.16511,4.99117,1.208,0.00463,1
266,0,0.141,0.0,0.01271,1.0,0.0,311,2,0.0,1,35.0,47,0.0625,0,0.0127110228401,0,0.20106,4.95517,1.319,0.00376,1
259,0,0.173,0.0,0.0132,1.0,0.0,302,2,0.0,1,28.0,38,0.07008,0,0.0131992457574,0,0.22507,5.02729,1.275,0.00386,1
237,0,0.014,0.0,0.0148,1.0,0.0,279,2,0.0,1,39.0,54,0.05292,0,0.0148036901952,0,0.14889,5.19851,1.075,0.00422,1
215,0,0.026,0.0,0.01665,1.0,0.0,261,2,0.0,1,23.0,32,0.09906,0,0.016648554662,0,0.19624,5.45675,1.333,0.00465,1
154,0,0.13,0.0,0.02351,1.0,0.0,191,2,0.0,1,14.0,19,0.13079,0,0.0235124352771,0,0.21732,5.61763,1.36,0.00649,1
258,0,0.18,0.0,0.01369,1.0,0.0,313,2,0.0,1,28.0,38,0.07809,0,0.0136940849998,0,0.19712,5.39391,1.294,0.00388,1
141,0,0.103,0.0,0.02442,1.0,0.0,166,2,0.0,1,43.0,54,0.05157,0,0.0244174265451,0,0.12009,4.98881,1.063,0.00709,1
229,0,0.022,0.0,0.01532,1.0,0.0,261,2,0.0,1,29.0,37,0.06153,0,0.0153221481652,0,0.18412,5.16545,1.104,0.00437,1
288,0,0.186,0.0,0.01171,1.0,0.0,345,2,0.0,1,26.0,35,0.07825,0,0.0117111885405,0,0.15276,5.00732,1.29,0.00347,1
187,0,0.21,0.0,0.0199,1.0,0.0,236,2,0.0,1,21.0,26,0.09017,0,0.0198953481686,0,0.19686,6.10842,1.211,0.00535,1
164,0,0.168,0.0,0.02028,1.0,0.0,187,2,0.0,1,18.0,24,0.10372,0,0.0202753254526,0,0.17443,4.78584,1.371,0.0061,1
261,0,0.09,0.0,0.01471,1.0,0.0,340,2,0.0,1,19.0,26,0.10278,0,0.0147067491895,0,0.20725,6.17554,1.554,0.00383,1
209,0,0.058,0.0,0.01734,1.0,0.0,259,2,0.0,1,21.0,28,0.09081,0,0.0173444976077,0,0.25892,5.65594,1.331,0.00478,1
224,0,0.158,0.0,0.01586,1.0,0.0,270,2,0.0,1,21.0,28,0.08891,0,0.0158552210122,0,0.16279,5.34545,1.283,0.00446,1
266,0,0.159,0.0,0.01373,1.0,0.0,336,2,0.0,1,16.0,22,0.10994,0,0.0137324443183,0,0.18071,5.56595,1.598,0.00376,1
180,0,0.029,0.0,0.0193,1.0,0.0,216,2,0.0,1,17.0,24,0.10718,0,0.01930477964,0,0.20289,5.25308,1.29,0.00556,1
242,0,0.072,0.0,0.01413,1.0,0.0,286,2,0.0,1,21.0,27,0.09118,0,0.0141284592435,0,0.14238,5.00356,1.348,0.00413,1
236,0,0.163,0.0,0.01626,1.0,0.0,312,2,0.0,1,14.0,19,0.12989,0,0.0162639740353,0,0.16832,6.14889,1.538,0.00424,1
95,0,0.164,0.0,0.03897,1.0,0.0,114,2,0.0,1,31.0,42,0.07332,0,0.0389697648376,0,0.23752,5.44289,1.053,0.01053,1
218,0,0.14,0.0,0.01708,1.0,0.0,288,2,0.0,1,15.0,22,0.12714,0,0.0170802857988,0,0.1487,5.92157,1.521,0.00459,1
217,0,0.046,0.0,0.0163,1.0,0.0,257,2,0.0,1,24.0,31,0.08498,0,0.0162997098481,0,0.1754,5.31803,1.315,0.00461,1
246,0,0.031,0.0,0.01364,1.0,0.0,274,2,0.0,1,30.0,42,0.06588,0,0.0136386261822,0,0.13107,4.82251,1.201,0.00407,1
268,0,0.004,0.0,0.013,1.0,0.0,321,2,0.0,1,20.0,25,0.1062,0,0.0129968136844,0,0.15456,5.15119,1.464,0.00373,1
184,0,0.272,0.0,0.01972,1.0,0.0,229,2,0.0,1,23.0,32,0.08867,0,0.0197196483725,0,0.18661,5.56553,1.317,0.00543,1
268,0,0.173,0.0,0.01277,1.0,0.0,320,2,0.0,1,33.0,47,0.06741,0,0.0127732125887,0,0.18426,5.18442,1.265,0.00373,1
180,0,0.099,0.0,0.01949,1.0,0.0,210,2,0.0,1,23.0,28,0.08289,0,0.0194909993793,0,0.1613,5.2802,1.286,0.00556,1
265,0,0.086,0.0,0.01312,1.0,0.0,316,2,0.0,1,26.0,35,0.07411,0,0.0131217838765,0,0.13709,5.10754,1.301,0.00377,1
110,0,0.021,0.0,0.03219,1.0,0.0,136,2,0.0,1,29.0,39,0.07371,0,0.0321934945788,0,0.21298,5.327,1.049,0.00909,1
299,0,0.109,0.0,0.01131,1.0,0.0,350,2,0.0,1,19.0,26,0.09391,0,0.0113128773765,0,0.11549,4.883,1.453,0.00334,1
175,0,0.223,0.0,0.0201,1.0,0.0,210,2,0.0,1,20.0,27,0.09274,0,0.0200985221675,0,0.16139,5.37071,1.407,0.00571,1
258,0,0.181,0.0,0.01327,1.0,0.0,312,2,0.0,1,20.0,27,0.0923,0,0.0132718004404,0,0.18184,5.35144,1.41,0.00388,1
279,0,0.08,0.0,0.01189,1.0,0.0,314,2,0.0,1,34.0,48,0.06188,0,0.011887264382,0,0.12631,4.74009,1.327,0.00358,1
280,0,0.225,0.0,0.01278,1.0,0.0,344,2,0.0,1,13.0,18,0.12905,0,0.0127752176139,0,0.12672,5.37104,1.57,0.00357,1
264,0,0.083,0.0,0.0127,1.0,0.0,295,2,0.0,1,29.0,41,0.06648,0,0.0127030763913,0,0.16103,4.83189,1.308,0.00379,1
248,0,0.014,0.0,0.01404,1.0,0.0,288,2,0.0,1,33.0,46,0.06155,0,0.0140394410343,0,0.15076,5.17822,1.235,0.00403,1
204,0,0.114,0.0,0.01859,1.0,0.0,265,2,0.0,1,14.0,18,0.12244,0,0.0185936443543,0,0.18359,5.92308,1.334,0.0049,1
180,0,0.206,0.0,0.02073,1.0,0.0,221,2,0.0,1,22.0,31,0.08797,0,0.0207324643079,0,0.24784,5.83683,1.185,0.00556,1
217,0,0.082,0.0,0.0169,1.0,0.0,273,2,0.0,1,19.0,25,0.11242,0,0.0168970814132,0,0.22161,5.64136,1.476,0.00461,1
203,0,0.09,0.0,0.01717,1.0,0.0,234,2,0.0,1,21.0,30,0.0887,0,0.017168219285,0,0.16239,5.08197,1.273,0.00493,1
225,0,0.085,0.0,0.01433,1.0,0.0,247,2,0.0,1,30.0,41,0.07108,0,0.0143253968254,0,0.14468,4.5679,1.286,0.00444,1
216,0,0.089,0.0,0.01568,1.0,0.0,250,2,0.0,1,23.0,31,0.07983,0,0.0156761412575,0,0.16511,4.99117,1.208,0.00463,1
266,0,0.141,0.0,0.01271,1.0,0.0,311,2,0.0,1,35.0,47,0.0625,0,0.0127110228401,0,0.20106,4.95517,1.319,0.00376,1
259,0,0.173,0.0,0.0132,1.0,0.0,302,2,0.0,1,28.0,38,0.07008,0,0.0131992457574,0,0.22507,5.02729,1.275,0.00386,1
237,0,0.014,0.0,0.0148,1.0,0.0,279,2,0.0,1,39.0,54,0.05292,0,0.0148036901952,0,0.14889,5.19851,1.075,0.00422,1
215,0,0.026,0.0,0.01665,1.0,0.0,261,2,0.0,1,23.0,32,0.09906,0,0.016648554662,0,0.19624,5.45675,1.333,0.00465,1
154,0,0.13,0.0,0.02351,1.0,0.0,191,2,0.0,1,14.0,19,0.13079,0,0.0235124352771,0,0.21732,5.61763,1.36,0.00649,1
258,0,0.18,0.0,0.01369,1.0,0.0,313,2,0.0,1,28.0,38,0.07809,0,0.0136940849998,0,0.19712,5.39391,1.294,0.00388,1
141,0,0.103,0.0,0.02442,1.0,0.0,166,2,0.0,1,43.0,54,0.05157,0,0.0244174265451,0,0.12009,4.98881,1.063,0.00709,1
229,0,0.022,0.0,0.01532,1.0,0.0,261,2,0.0,1,29.0,37,0.06153,0,0.0153221481652,0,0.18412,5.16545,1.104,0.00437,1
288,0,0.186,0.0,0.01171,1.0,0.0,345,2,0.0,1,26.0,35,0.07825,0,0.0117111885405,0,0.15276,5.00732,1.29,0.00347,1
187,0,0.21,0.0,0.0199,1.0,0.0,236,2,0.0,1,21.0,26,0.09017,0,0.0198953481686,0,0.19686,6.10842,1.211,0.00535,1
164,0,0.168,0.0,0.02028,1.0,0.0,187,2,0.0,1,18.0,24,0.10372,0,0.0202753254526,0,0.17443,4.78584,1.371,0.0061,1
261,0,0.09,0.0,0.01471,1.0,0.0,340,2,0.0,1,19.0,26,0.10278,0,0.0147067491895,0,0.20725,6.17554,1.554,0.00383,1
209,0,0.058,0.0,0.01734,1.0,0.0,259,2,0.0,1,21.0,28,0.09081,0,0.0173444976077,0,0.25892,5.65594,1.331,0.00478,1
224,0,0.158,0.0,0.01586,1.0,0.0,270,2,0.0,1,21.0,28,0.08891,0,0.0158552210122,0,0.16279,5.34545,1.283,0.00446,1
266,0,0.159,0.0,0.01373,1.0,0.0,336,2,0.0,1,16.0,22,0.10994,0,0.0137324443183,0,0.18071,5.56595,1.598,0.00376,1
180,0,0.029,0.0,0.0193,1.0,0.0,216,2,0.0,1,17.0,24,0.10718,0,0.01930477964,0,0.20289,5.25308,1.29,0.00556,1
242,0,0.072,0.0,0.01413,1.0,0.0,286,2,0.0,1,21.0,27,0.09118,0,0.0141284592435,0,0.14238,5.00356,1.348,0.00413,1
236,0,0.163,0.0,0.01626,1.0,0.0,312,2,0.0,1,14.0,19,0.12989,0,0.0162639740353,0,0.16832,6.14889,1.538,0.00424,1
95,0,0.164,0.0,0.03897,1.0,0.0,114,2,0.0,1,31.0,42,0.07332,0,0.0389697648376,0,0.23752,5.44289,1.053,0.01053,1
218,0,0.14,0.0,0.01708,1.0,0.0,288,2,0.0,1,15.0,22,0.12714,0,0.0170802857988,0,0.1487,5.92157,1.521,0.00459,1
217,0,0.046,0.0,0.0163,1.0,0.0,257,2,0.0,1,24.0,31,0.08498,0,0.0162997098481,0,0.1754,5.31803,1.315,0.00461,1
246,0,0.031,0.0,0.01364,1.0,0.0,274,2,0.0,1,30.0,42,0.06588,0,0.0136386261822,0,0.13107,4.82251,1.201,0.00407,1
268,0,0.004,0.0,0.013,1.0,0.0,321,2,0.0,1,20.0,25,0.1062,0,0.0129968136844,0,0.15456,5.15119,1.464,0.00373,1
184,0,0.272,0.0,0.01972,1.0,0.0,229,2,0.0,1,23.0,32,0.08867,0,0.0197196483725,0,0.18661,5.56553,1.317,0.00543,1
268,0,0.173,0.0,0.01277,1.0,0.0,320,2,0.0,1,33.0,47,0.06741,0,0.0127732125887,0,0.18426,5.18442,1.265,0.00373,1
180,0,0.099,0.0,0.01949,1.0,0.0,210,2,0.0,1,23.0,28,0.08289,0,0.0194909993793,0,0.1613,5.2802,1.286,0.00556,1
265,0,0.086,0.0,0.01312,1.0,0.0,316,2,0.0,1,26.0,35,0.07411,0,0.0131217838765,0,0.13709,5.10754,1.301,0.00377,1
110,0,0.021,0.0,0.03219,1.0,0.0,136,2,0.0,1,29.0,39,0.07371,0,0.0321934945788,0,0.21298,5.327,1.049,0.00909,1
299,0,0.109,0.0,0.01131,1.0,0.0,350,2,0.0,1,19.0,26,0.09391,0,0.0113128773765,0,0.11549,4.883,1.453,0.00334,1
175,0,0.223,0.0,0.0201,1.0,0.0,210,2,0.0,1,20.0,27,0.09274,0,0.0200985221675,0,0.16139,5.37071,1.407,0.00571,1
258,0,0.181,0.0,0.01327,1.0,0.0,312,2,0.0,1,20.0,27,0.0923,0,0.0132718004404,0,0.18184,5.35144,1.41,0.00388,1
279,0,0.08,0.0,0.01189,1.0,0.0,314,2,0.0,1,34.0,48,0.06188,0,0.011887264382,0,0.12631,4.74009,1.327,0.00358,1
280,0,0.225,0.0,0.01278,1.0,0.0,344,2,0.0,1,13.0,18,0.12905,0,0.0127752176139,0,0.12672,5.37104,1.57,0.00357,1
264,0,0.083,0.0,0.0127,1.0,0.0,295,2,0.0,1,29.0,41,0.06648,0,0.0127030763913,0,0.16103,4.83189,1.308,0.00379,1
248,0,0.014,0.0,0.01404,1.0,0.0,288,2,0.0,1,33.0,46,0.06155,0,0.0140394410343,0,0.15076,5.17822,1.235,0.00403,1
204,0,0.114,0.0,0.01859,1.0,0.0,265,2,0.0,1,14.0,18,0.12244,0,0.0185936443543,0,0.18359,5.92308,1.334,0.0049,1
180,0,0.206,0.0,0.02073,1.0,0.0,221,2,0.0,1,22.0,31,0.08797,0,0.0207324643079,0,0.24784,5.83683,1.185,0.00556,1
217,0,0.082,0.0,0.0169,1.0,0.0,273,2,0.0,1,19.0,25,0.11242,0,0.0168970814132,0,0.22161,5.64136,1.476,0.00461,1
203,0,0.09,0.0,0.01717,1.0,0.0,234,2,0.0,1,21.0,30,0.0887,0,0.017168219285,0,0.16239,5.08197,1.273,0.00493,1
225,0,0.085,0.0,0.01433,1.0,0.0,247,2,0.0,1,30.0,41,0.07108,0,0.0143253968254,0,0.14468,4.5679,1.286,0.00444,1
216,0,0.089,0.0,0.01568,1.0,0.0,250,2,0.0,1,23.0,31,0.07983,0,0.0156761412575,0,0.16511,4.99117,1.208,0.00463,1
266,0,0.141,0.0,0.01271,1.0,0.0,311,2,0.0,1,35.0,47,0.0625,0,0.0127110228401,0,0.20106,4.95517,1.319,0.00376,1
259,0,0.173,0.0,0.0132,1.0,0.0,302,2,0.0,1,28.0,38,0.07008,0,0.0131992457574,0,0.22507,5.02729,1.275,0.00386,1
237,0,0.014,0.0,0.0148,1.0,0.0,279,2,0.0,1,39.0,54,0.05292,0,0.0148036901952,0,0.14889,5.19851,1.075,0.00422,1
215,0,0.026,0.0,0.01665,1.0,0.0,261,2,0.0,1,23.0,32,0.09906,0,0.016648554662,0,0.19624,5.45675,1.333,0.00465,1
154,0,0.13,0.0,0.02351,1.0,0.0,191,2,0.0,1,14.0,19,0.13079,0,0.0235124352771,0,0.21732,5.61763,1.36,0.00649,1
258,0,0.18,0.0,0.01369,1.0,0.0,313,2,0.0,1,28.0,38,0.07809,0,0.0136940849998,0,0.19712,5.39391,1.294,0.00388,1
141,0,0.103,0.0,0.02442,1.0,0.0,166,2,0.0,1,43.0,54,0.05157,0,0.0244174265451,0,0.12009,4.98881,1.063,0.00709,1
229,0,0.022,0.0,0.01532,1.0,0.0,261,2,0.0,1,29.0,37,0.06153,0,0.0153221481652,0,0.18412,5.16545,1.104,0.00437,1
288,0,0.186,0.0,0.01171,1.0,0.0,345,2,0.0,1,26.0,35,0.07825,0,0.0117111885405,0,0.15276,5.00732,1.29,0.00347,1
187,0,0.21,0.0,0.0199,1.0,0.0,236,2,0.0,1,21.0,26,0.09017,0,0.0198953481686,0,0.19686,6.10842,1.211,0.00535,1
164,0,0.168,0.0,0.02028,1.0,0.0,187,2,0.0,1,18.0,24,0.10372,0,0.0202753254526,0,0.17443,4.78584,1.371,0.0061,1
261,0,0.09,0.0,0.01471,1.0,0.0,340,2,0.0,1,19.0,26,0.10278,0,0.0147067491895,0,0.20725,6.17554,1.554,0.00383,1
209,0,0.058,0.0,0.01734,1.0,0.0,259,2,0.0,1,21.0,28,0.09081,0,0.0173444976077,0,0.25892,5.65594,1.331,0.00478,1
224,0,0.158,0.0,0.01586,1.0,0.0,270,2,0.0,1,21.0,28,0.08891,0,0.0158552210122,0,0.16279,5.34545,1.283,0.00446,1
266,0,0.159,0.0,0.01373,1.0,0.0,336,2,0.0,1,16.0,22,0.10994,0,0.0137324443183,0,0.18071,5.56595,1.598,0.00376,1
180,0,0.029,0.0,0.0193,1.0,0.0,216,2,0.0,1,17.0,24,0.10718,0,0.01930477964,0,0.20289,5.25308,1.29,0.00556,1
242,0,0.072,0.0,0.01413,1.0,0.0,286,2,0.0,1,21.0,27,0.09118,0,0.0141284592435,0,0.14238,5.00356,1.348,0.00413,1
236,0,0.163,0.0,0.01626,1.0,0.0,312,2,0.0,1,14.0,19,0.12989,0,0.0162639740353,0,0.16832,6.14889,1.538,0.00424,1
95,0,0.164,0.0,0.03897,1.0,0.0,114,2,0.0,1,31.0,42,0.07332,0,0.0389697648376,0,0.23752,5.44289,1.053,0.01053,1
218,0,0.14,0.0,0.01708,1.0,0.0,288,2,0.0,1,15.0,22,0.12714,0,0.0170802857988,0,0.1487,5.92157,1.521,0.00459,1
217,0,0.046,0.0,0.0163,1.0,0.0,257,2,0.0,1,24.0,31,0.08498,0,0.0162997098481,0,0.1754,5.31803,1.315,0.00461,1
246,0,0.031,0.0,0.01364,1.0,0.0,274,2,0.0,1,30.0,42,0.06588,0,0.0136386261822,0,0.13107,4.82251,1.201,0.00407,1
268,0,0.004,0.0,0.013,1.0,0.0,321,2,0.0,1,20.0,25,0.1062,0,0.0129968136844,0,0.15456,5.15119,1.464,0.00373,1
184,0,0.272,0.0,0.01972,1.0,0.0,229,2,0.0,1,23.0,32,0.08867,0,0.0197196483725,0,0.18661,5.56553,1.317,0.00543,1
268,0,0.173,0.0,0.01277,1.0,0.0,320,2,0.0,1,33.0,47,0.06741,0,0.0127732125887,0,0.18426,5.18442,1.265,0.00373,1
180,0,0.099,0.0,0.01949,1.0,0.0,210,2,0.0,1,23.0,28,0.08289,0,0.0194909993793,0,0.1613,5.2802,1.286,0.00556,1
265,0,0.086,0.0,0.01312,1.0,0.0,316,2,0.0,1,26.0,35,0.07411,0,0.0131217838765,0,0.13709,5.10754,1.301,0.00377,1
110,0,0.021,0.0,0.03219,1.0,0.0,136,2,0.0,1,29.0,39,0.07371,0,0.0321934945788,0,0.21298,5.327,1.049,0.00909,1
299,0,0.109,0.0,0.01131,1.0,0.0,350,2,0.0,1,19.0,26,0.09391,0,0.0113128773765,0,0.11549,4.883,1.453,0.00334,1
175,0,0.223,0.0,0.0201,1.0,0.0,210,2,0.0,1,20.0,27,0.09274,0,0.0200985221675,0,0.16139,5.37071,1.407,0.00571,1
258,0,0.181,0.0,0.01327,1.0,0.0,312,2,0.0,1,20.0,27,0.0923,0,0.0132718004404,0,0.18184,5.35144,1.41,0.00388,1
279,0,0.08,0.0,0.01189,1.0,0.0,314,2,0.0,1,34.0,48,0.06188,0,0.011887264382,0,0.12631,4.74009,1.327,0.00358,1
280,0,0.225,0.0,0.01278,1.0,0.0,344,2,0.0,1,13.0,18,0.12905,0,0.0127752176139,0,0.12672,5.37104,1.57,0.00357,1
264,0,0.083,0.0,0.0127,1.0,0.0,295,2,0.0,1,29.0,41,0.06648,0,0.0127030763913,0,0.16103,4.83189,1.308,0.00379,1
248,0,0.014,0.0,0.01404,1.0,0.0,288,2,0.0,1,33.0,46,0.06155,0,0.0140394410343,0,0.15076,5.17822,1.235,0.00403,1
204,0,0.114,0.0,0.01859,1.0,0.0,265,2,0.0,1,14.0,18,0.12244,0,0.0185936443543,0,0.18359,5.92308,1.334,0.0049,1
