326,0,0.05,0.019,0.00916,1.0,0.0,330,3,0.012,1,52.0,68,0.036,0,0.009155261916,0,0.15298,4.17627,1.521,0.00307,2
316,0,0.244,0.237,0.01236,2.0,1.0,329,4,0.276,1,26.0,34,0.07133,0,0.0123568414708,0,0.35923,9.2085,1.379,0.00316,2
194,0,-0.061,0.0,0.01784,1.0,0.0,197,2,0.0,1,84.0,111,0.02669,0,0.0178409273009,0,0.3459,5.38474,1.001,0.00515,2
614,0,0.482,0.151,0.0049,1.0,0.0,634,4,0.05,1,67.0,93,0.031,0,0.00490459161171,0,0.13453,5.71152,1.732,0.00163,2
207,0,0.027,0.0,0.01585,1.0,0.0,210,2,0.0,1,50.0,69,0.04337,0,0.0158529149665,0,0.26152,4.82657,1.011,0.00483,2
298,0,0.235,0.176,0.01171,1.0,0.0,298,4,0.185,1,78.0,97,0.0263,0,0.0117054211014,0,0.24494,6.62884,1.055,0.00336,2
360,0,0.203,0.152,0.00825,1.0,0.0,356,3,0.119,1,66.0,91,0.03038,0,0.00824822036521,0,0.21688,4.45848,1.41,0.00278,2
407,0,0.231,0.239,0.00821,1.0,0.0,397,4,0.174,1,106.0,143,0.02047,0,0.00820614613718,0,0.29458,5.90167,1.04,0.00246,2
265,0,0.073,0.103,0.01238,1.0,0.0,268,3,0.088,1,62.0,86,0.04198,0,0.0123785020011,0,0.24273,4.94746,1.167,0.00377,2
559,0,0.118,0.0,0.0051,1.0,0.0,599,2,0.0,1,72.0,99,0.02953,0,0.0050974282032,0,0.13117,3.92368,1.248,0.00179,2
326,0,0.05,0.019,0.00916,1.0,0.0,330,3,0.012,1,52.0,68,0.036,0,0.009155261916,0,0.15298,4.17627,1.521,0.00307,2
316,0,0.244,0.237,0.01236,2.0,1.0,329,4,0.276,1,26.0,34,0.07133,0,0.0123568414708,0,0.35923,9.2085,1.379,0.00316,2
194,0,-0.061,0.0,0.01784,1.0,0.0,197,2,0.0,1,84.0,111,0.02669,0,0.0178409273009,0,0.3459,5.38474,1.001,0.00515,2
614,0,0.482,0.151,0.0049,1.0,0.0,634,4,0.05,1,67.0,93,0.031,0,0.00490459161171,0,0.13453,5.71152,1.732,0.00163,2
207,0,0.027,0.0,0.01585,1.0,0.0,210,2,0.0,1,50.0,69,0.04337,0,0.0158529149665,0,0.26152,4.82657,1.011,0.00483,2
298,0,0.235,0.176,0.01171,1.0,0.0,298,4,0.185,1,78.0,97,0.0263,0,0.0117054211014,0,0.24494,6.62884,1.055,0.00336,2
360,0,0.203,0.152,0.00825,1.0,0.0,356,3,0.119,1,66.0,91,0.03038,0,0.00824822036521,0,0.21688,4.45848,1.41,0.00278,2
407,0,0.231,0.239,0.00821,1.0,0.0,397,4,0.174,1,106.0,143,0.02047,0,0.00820614613718,0,0.29458,5.90167,1.04,0.00246,2
265,0,0.073,0.103,0.01238,1.0,0.0,268,3,0.088,1,62.0,86,0.04198,0,0.0123785020011,0,0.24273,4.94746,1.167,0.00377,2
559,0,0.118,0.0,0.0051,1.0,0.0,599,2,0.0,1,72.0,99,0.02953,0,0.0050974282032,0,0.13117,3.92368,1.248,0.00179,2
326,0,0.05,0.019,0.00916,1.0,0.0,330,3,0.012,1,52.0,68,0.036,0,0.009155261916,0,0.15298,4.17627,1.521,0.00307,2
316,0,0.244,0.237,0.01236,2.0,1.0,329,4,0.276,1,26.0,34,0.07133,0,0.0123568414708,0,0.35923,9.2085,1.379,0.00316,2
194,0,-0.061,0.0,0.01784,1.0,0.0,197,2,0.0,1,84.0,111,0.02669,0,0.0178409273009,0,0.3459,5.38474,1.001,0.00515,2
614,0,0.482,0.151,0.0049,1.0,0.0,634,4,0.05,1,67.0,93,0.031,0,0.00490459161171,0,0.13453,5.71152,1.732,0.00163,2
207,0,0.027,0.0,0.01585,1.0,0.0,210,2,0.0,1,50.0,69,0.04337,0,0.0158529149665,0,0.26152,4.82657,1.011,0.00483,2
298,0,0.235,0.176,0.01171,1.0,0.0,298,4,0.185,1,78.0,97,0.0263,0,0.0117054211014,0,0.24494,6.62884,1.055,0.00336,2
360,0,0.203,0.152,0.00825,1.0,0.0,356,3,0.119,1,66.0,91,0.03038,0,0.00824822036521,0,0.21688,4.45848,1.41,0.00278,2
407,0,0.231,0.239,0.00821,1.0,0.0,397,4,0.174,1,106.0,143,0.02047,0,0.00820614613718,0,0.29458,5.90167,1.04,0.00246,2
265,0,0.073,0.103,0.01238,1.0,0.0,268,3,0.088,1,62.0,86,0.04198,0,0.0123785020011,0,0.24273,4.94746,1.167,0.00377,2
559,0,0.118,0.0,0.0051,1.0,0.0,599,2,0.0,1,72.0,99,0.02953,0,0.0050974282032,0,0.13117,3.92368,1.248,0.00179,2
326,0,0.05,0.019,0.00916,1.0,0.0,330,3,0.012,1,52.0,68,0.036,0,0.009155261916,0,0.15298,4.17627,1.521,0.00307,2
316,0,0.244,0.237,0.01236,2.0,1.0,329,4,0.276,1,26.0,34,0.07133,0,0.0123568414708,0,0.35923,9.2085,1.379,0.00316,2
194,0,-0.061,0.0,0.01784,1.0,0.0,197,2,0.0,1,84.0,111,0.02669,0,0.0178409273009,0,0.3459,5.38474,1.001,0.00515,2
614,0,0.482,0.151,0.0049,1.0,0.0,634,4,0.05,1,67.0,93,0.031,0,0.00490459161171,0,0.13453,5.71152,1.732,0.00163,2
207,0,0.027,0.0,0.01585,1.0,0.0,210,2,0.0,1,50.0,69,0.04337,0,0.0158529149665,0,0.26152,4.82657,1.011,0.00483,2
298,0,0.235,0.176,0.01171,1.0,0.0,298,4,0.185,1,78.0,97,0.0263,0,0.0117054211014,0,0.24494,6.62884,1.055,0.00336,2
360,0,0.203,0.152,0.00825,1.0,0.0,356,3,0.119,1,66.0,91,0.03038,0,0.00824822036521,0,0.21688,4.45848,1.41,0.00278,2
407,0,0.231,0.239,0.00821,1.0,0.0,397,4,0.174,1,106.0,143,0.02047,0,0.00820614613718,0,0.29458,5.90167,1.04,0.00246,2
265,0,0.073,0.103,0.01238,1.0,0.0,268,3,0.088,1,62.0,86,0.04198,0,0.0123785020011,0,0.24273,4.94746,1.167,0.00377,2
559,0,0.118,0.0,0.0051,1.0,0.0,599,2,0.0,1,72.0,99,0.02953,0,0.0050974282032,0,0.13117,3.92368,1.248,0.00179,2
326,0,0.05,0.019,0.00916,1.0,0.0,330,3,0.012,1,52.0,68,0.036,0,0.009155261916,0,0.15298,4.17627,1.521,0.00307,2
316,0,0.244,0.237,0.01236,2.0,1.0,329,4,0.276,1,26.0,34,0.07133,0,0.0123568414708,0,0.35923,9.2085,1.379,0.00316,2
194,0,-0.061,0.0,0.01784,1.0,0.0,197,2,0.0,1,84.0,111,0.02669,0,0.0178409273009,0,0.3459,5.38474,1.001,0.00515,2
614,0,0.482,0.151,0.0049,1.0,0.0,634,4,0.05,1,67.0,93,0.031,0,0.00490459161171,0,0.13453,5.71152,1.732,0.00163,2
207,0,0.027,0.0,0.01585,1.0,0.0,210,2,0.0,1,50.0,69,0.04337,0,0.0158529149665,0,0.26152,4.82657,1.011,0.00483,2
298,0,0.235,0.176,0.01171,1.0,0.0,298,4,0.185,1,78.0,97,0.0263,0,0.0117054211014,0,0.24494,6.62884,1.055,0.00336,2
360,0,0.203,0.152,0.00825,1.0,0.0,356,3,0.119,1,66.0,91,0.03038,0,0.00824822036521,0,0.21688,4.45848,1.41,0.00278,2
407,0,0.231,0.239,0.00821,1.0,0.0,397,4,0.174,1,106.0,143,0.02047,0,0.00820614613718,0,0.29458,5.90167,1.04,0.00246,2
265,0,0.073,0.103,0.01238,1.0,0.0,268,3,0.088,1,62.0,86,0.04198,0,0.0123785020011,0,0.24273,4.94746,1.167,0.00377,2
559,0,0.118,0.0,0.0051,1.0,0.0,599,2,0.0,1,72.0,99,0.02953,0,0.0050974282032,0,0.13117,3.92368,1.248,0.00179,2
