491,0,0.025,0.014,0.00633,1.0,0.0,526,3,0.012,1,40.0,56,0.05675,0,0.00632611496737,0,0.16277,4.40307,1.52,0.00204,2
279,0,0.067,0.0,0.01178,1.0,0.0,280,2,0.0,1,139.0,187,0.01702,0,0.0117841210902,0,0.23461,4.79152,1.0,0.00358,2
564,0,0.424,0.227,0.00638,2.0,0.0,589,5,0.154,1,107.0,126,0.01884,0,0.00638045929229,0,0.26147,10.50737,1.52,0.00177,2
214,0,0.012,0.0,0.01536,1.0,0.0,215,2,0.0,1,76.0,102,0.03008,0,0.0153569391426,0,0.22332,4.70467,1.001,0.00467,2
497,0,0.158,0.181,0.00675,1.0,0.0,489,5,0.154,1,30.0,42,0.07722,0,0.0067501784903,0,0.25764,5.78101,1.34,0.00201,2
487,0,0.546,0.388,0.00693,2.0,1.0,450,8,0.2,1,85.0,112,0.02462,0,0.00692912853533,0,0.34758,23.08223,1.165,0.00205,2
557,0,0.258,0.13,0.00584,1.0,0.0,575,5,0.081,1,138.0,174,0.01812,0,0.00584451648735,0,0.20198,5.40112,1.127,0.0018,2
723,0,0.04,0.0,0.00389,1.0,0.0,772,2,0.0,1,71.0,91,0.03078,0,0.00388501281594,0,0.10467,3.78571,1.524,0.00138,2
491,0,0.025,0.014,0.00633,1.0,0.0,526,3,0.012,1,40.0,56,0.05675,0,0.00632611496737,0,0.16277,4.40307,1.52,0.00204,2
279,0,0.067,0.0,0.01178,1.0,0.0,280,2,0.0,1,139.0,187,0.01702,0,0.0117841210902,0,0.23461,4.79152,1.0,0.00358,2
564,0,0.424,0.227,0.00638,2.0,0.0,589,5,0.154,1,107.0,126,0.01884,0,0.00638045929229,0,0.26147,10.50737,1.52,0.00177,2
214,0,0.012,0.0,0.01536,1.0,0.0,215,2,0.0,1,76.0,102,0.03008,0,0.0153569391426,0,0.22332,4.70467,1.001,0.00467,2
497,0,0.158,0.181,0.00675,1.0,0.0,489,5,0.154,1,30.0,42,0.07722,0,0.0067501784903,0,0.25764,5.78101,1.34,0.00201,2
487,0,0.546,0.388,0.00693,2.0,1.0,450,8,0.2,1,85.0,112,0.02462,0,0.00692912853533,0,0.34758,23.08223,1.165,0.00205,2
557,0,0.258,0.13,0.00584,1.0,0.0,575,5,0.081,1,138.0,174,0.01812,0,0.00584451648735,0,0.20198,5.40112,1.127,0.0018,2
723,0,0.04,0.0,0.00389,1.0,0.0,772,2,0.0,1,71.0,91,0.03078,0,0.00388501281594,0,0.10467,3.78571,1.524,0.00138,2
491,0,0.025,0.014,0.00633,1.0,0.0,526,3,0.012,1,40.0,56,0.05675,0,0.00632611496737,0,0.16277,4.40307,1.52,0.00204,2
279,0,0.067,0.0,0.01178,1.0,0.0,280,2,0.0,1,139.0,187,0.01702,0,0.0117841210902,0,0.23461,4.79152,1.0,0.00358,2
564,0,0.424,0.227,0.00638,2.0,0.0,589,5,0.154,1,107.0,126,0.01884,0,0.00638045929229,0,0.26147,10.50737,1.52,0.00177,2
214,0,0.012,0.0,0.01536,1.0,0.0,215,2,0.0,1,76.0,102,0.03008,0,0.0153569391426,0,0.22332,4.70467,1.001,0.00467,2
497,0,0.158,0.181,0.00675,1.0,0.0,489,5,0.154,1,30.0,42,0.07722,0,0.0067501784903,0,0.25764,5.78101,1.34,0.00201,2
487,0,0.546,0.388,0.00693,2.0,1.0,450,8,0.2,1,85.0,112,0.02462,0,0.00692912853533,0,0.34758,23.08223,1.165,0.00205,2
557,0,0.258,0.13,0.00584,1.0,0.0,575,5,0.081,1,138.0,174,0.01812,0,0.00584451648735,0,0.20198,5.40112,1.127,0.0018,2
723,0,0.04,0.0,0.00389,1.0,0.0,772,2,0.0,1,71.0,91,0.03078,0,0.00388501281594,0,0.10467,3.78571,1.524,0.00138,2
491,0,0.025,0.014,0.00633,1.0,0.0,526,3,0.012,1,40.0,56,0.05675,0,0.00632611496737,0,0.16277,4.40307,1.52,0.00204,2
279,0,0.067,0.0,0.01178,1.0,0.0,280,2,0.0,1,139.0,187,0.01702,0,0.0117841210902,0,0.23461,4.79152,1.0,0.00358,2
564,0,0.424,0.227,0.00638,2.0,0.0,589,5,0.154,1,107.0,126,0.01884,0,0.00638045929229,0,0.26147,10.50737,1.52,0.00177,2
214,0,0.012,0.0,0.01536,1.0,0.0,215,2,0.0,1,76.0,102,0.03008,0,0.0153569391426,0,0.22332,4.70467,1.001,0.00467,2
497,0,0.158,0.181,0.00675,1.0,0.0,489,5,0.154,1,30.0,42,0.07722,0,0.0067501784903,0,0.25764,5.78101,1.34,0.00201,2
487,0,0.546,0.388,0.00693,2.0,1.0,450,8,0.2,1,85.0,112,0.02462,0,0.00692912853533,0,0.34758,23.08223,1.165,0.00205,2
557,0,0.258,0.13,0.00584,1.0,0.0,575,5,0.081,1,138.0,174,0.01812,0,0.00584451648735,0,0.20198,5.40112,1.127,0.0018,2
723,0,0.04,0.0,0.00389,1.0,0.0,772,2,0.0,1,71.0,91,0.03078,0,0.00388501281594,0,0.10467,3.78571,1.524,0.00138,2
491,0,0.025,0.014,0.00633,1.0,0.0,526,3,0.012,1,40.0,56,0.05675,0,0.00632611496737,0,0.16277,4.40307,1.52,0.00204,2
279,0,0.067,0.0,0.01178,1.0,0.0,280,2,0.0,1,139.0,187,0.01702,0,0.0117841210902,0,0.23461,4.79152,1.0,0.00358,2
564,0,0.424,0.227,0.00638,2.0,0.0,589,5,0.154,1,107.0,126,0.01884,0,0.00638045929229,0,0.26147,10.50737,1.52,0.00177,2
214,0,0.012,0.0,0.01536,1.0,0.0,215,2,0.0,1,76.0,102,0.03008,0,0.0153569391426,0,0.22332,4.70467,1.001,0.00467,2
497,0,0.158,0.181,0.00675,1.0,0.0,489,5,0.154,1,30.0,42,0.07722,0,0.0067501784903,0,0.25764,5.78101,1.34,0.00201,2
487,0,0.546,0.388,0.00693,2.0,1.0,450,8,0.2,1,85.0,112,0.02462,0,0.00692912853533,0,0.34758,23.08223,1.165,0.00205,2
557,0,0.258,0.13,0.00584,1.0,0.0,575,5,0.081,1,138.0,174,0.01812,0,0.00584451648735,0,0.20198,5.40112,1.127,0.0018,2
723,0,0.04,0.0,0.00389,1.0,0.0,772,2,0.0,1,71.0,91,0.03078,0,0.00388501281594,0,0.10467,3.78571,1.524,0.00138,2
