112,0,0.052,0.0,0.02864,1.0,0.0,129,2,0.0,1,19.0,27,0.12317,0,0.0286357786358,0,0.17574,4.55346,1.397,0.00893,1
88,0,0.117,0.0,0.03657,1.0,0.0,96,2,0.0,1,39.0,52,0.06069,0,0.0365726227795,0,0.13412,4.5569,1.031,0.01136,1
127,0,0.142,0.0,0.02362,1.0,0.0,141,2,0.0,1,23.0,31,0.09476,0,0.0236220472441,0,0.09276,4.13858,1.215,0.00787,1
112,0,0.147,0.0,0.03008,1.0,0.0,128,2,0.0,1,18.0,24,0.1026,0,0.0300836550837,0,0.17348,4.82536,1.314,0.00893,1
99,0,0.112,0.0,0.03278,1.0,0.0,110,2,0.0,1,31.0,40,0.06721,0,0.0327767470625,0,0.16335,4.60882,1.018,0.0101,1
91,0,0.18,0.0,0.03956,1.0,0.0,113,2,0.0,1,13.0,18,0.14392,0,0.0395604395604,0,0.23278,5.45872,1.298,0.01099,1
95,0,0.174,0.0,0.03606,1.0,0.0,115,2,0.0,1,29.0,37,0.07769,0,0.0360582306831,0,0.19942,5.27657,1.056,0.01053,1
107,0,0.149,0.0,0.03192,1.0,0.0,123,2,0.0,1,31.0,38,0.06665,0,0.0319167695292,0,0.14619,4.96251,1.078,0.00935,1
106,0,0.096,0.0,0.03199,1.0,0.0,118,2,0.0,1,23.0,31,0.08456,0,0.0319856244385,0,0.23277,4.8675,1.285,0.00943,1
57,0,0.112,0.0,0.05952,1.0,0.0,67,2,0.0,1,10.0,13,0.16473,0,0.0595238095238,0,0.17085,4.87178,1.26,0.01754,1
84,0,0.02,0.0,0.04131,1.0,0.0,94,2,0.0,1,20.0,26,0.09185,0,0.0413080895009,0,0.21628,5.14943,1.252,0.0119,1
113,0,0.007,0.0,0.02908,1.0,0.0,125,2,0.0,1,34.0,45,0.06354,0,0.0290771175727,0,0.073,4.66205,1.077,0.00885,1
110,0,0.097,0.0,0.02869,1.0,0.0,117,2,0.0,1,41.0,55,0.05482,0,0.0286905754796,0,0.15183,4.46469,1.024,0.00909,1
115,0,0.02,0.0,0.02822,1.0,0.0,128,2,0.0,1,23.0,31,0.08586,0,0.0282227307399,0,0.13895,4.56448,1.363,0.0087,1
137,0,-0.029,0.0,0.02404,1.0,0.0,167,2,0.0,1,13.0,18,0.13119,0,0.0240446543581,0,0.05636,4.60646,1.667,0.0073,1
97,0,0.042,0.0,0.03351,1.0,0.0,111,2,0.0,1,24.0,31,0.08244,0,0.0335051546392,0,0.16437,4.58962,1.028,0.01031,1
99,0,0.109,0.0,0.03401,1.0,0.0,118,2,0.0,1,15.0,20,0.13031,0,0.0340136054422,0,0.23621,5.03589,1.246,0.0101,1
99,0,0.233,0.0,0.03484,1.0,0.0,120,2,0.0,1,33.0,43,0.06553,0,0.0348381776953,0,0.17547,5.22833,1.061,0.0101,1
112,0,0.147,0.0,0.02912,1.0,0.0,127,2,0.0,1,18.0,24,0.10045,0,0.0291184041184,0,0.16912,4.70028,1.182,0.00893,1
96,0,0.057,0.0,0.03509,1.0,0.0,112,2,0.0,1,27.0,36,0.07725,0,0.0350877192982,0,0.14328,4.84547,1.072,0.01042,1
113,0,0.196,0.0,0.03255,1.0,0.0,151,2,0.0,1,12.0,17,0.15733,0,0.0325537294564,0,0.19579,5.60877,1.591,0.00885,1
123,0,0.155,0.0,0.02639,1.0,0.0,145,2,0.0,1,32.0,41,0.06334,0,0.0263894442223,0,0.16466,4.69606,1.065,0.00813,1
78,0,0.181,0.0,0.04396,1.0,0.0,92,2,0.0,1,18.0,22,0.10516,0,0.043956043956,0,0.12328,5.03802,1.378,0.01282,1
145,0,0.115,0.0,0.0228,1.0,0.0,179,2,0.0,1,17.0,24,0.11453,0,0.0227969348659,0,0.12938,4.72011,1.455,0.0069,1
107,0,0.133,0.0,0.03262,1.0,0.0,136,2,0.0,1,15.0,18,0.12311,0,0.0326221125022,0,0.22375,5.41432,1.547,0.00935,1
127,0,0.017,0.0,0.0255,1.0,0.0,143,2,0.0,1,22.0,28,0.08801,0,0.0254968128984,0,0.16637,4.52273,1.194,0.00787,1
72,0,0.207,0.0,0.0493,1.0,0.0,91,2,0.0,1,15.0,20,0.13231,0,0.0492957746479,0,0.17143,5.37817,1.099,0.01389,1
108,0,0.196,0.0,0.03167,1.0,0.0,128,2,0.0,1,18.0,25,0.11519,0,0.0316718587747,0,0.08312,4.9793,1.342,0.00926,1
100,0,-0.016,0.0,0.03313,1.0,0.0,112,2,0.0,1,37.0,50,0.06021,0,0.0331313131313,0,0.12575,4.80619,1.019,0.01,1
104,0,0.142,0.0,0.03006,1.0,0.0,115,2,0.0,1,28.0,39,0.08165,0,0.0300597460792,0,0.17211,4.25889,1.042,0.00962,1
105,0,-0.068,0.0,0.03407,1.0,0.0,125,2,0.0,1,21.0,27,0.10191,0,0.0340659340659,0,0.23605,5.44141,1.029,0.00952,1
82,0,0.111,0.0,0.04095,1.0,0.0,92,2,0.0,1,23.0,30,0.08677,0,0.0409515206263,0,0.17066,4.81598,1.142,0.0122,1
118,0,-0.07,0.0,0.02825,1.0,0.0,131,2,0.0,1,24.0,31,0.09658,0,0.0282485875706,0,0.17359,4.68364,1.263,0.00847,1
103,0,0.14,0.0,0.03217,1.0,0.0,117,2,0.0,1,27.0,36,0.07355,0,0.0321720921378,0,0.17555,4.56063,1.048,0.00971,1
89,0,-0.037,0.0,0.0383,1.0,0.0,111,2,0.0,1,18.0,26,0.11453,0,0.038304392237,0,0.25294,5.04438,1.287,0.01124,1
79,0,0.011,0.0,0.0409,1.0,0.0,85,2,0.0,1,33.0,44,0.06704,0,0.0408958130477,0,0.17353,4.52636,1.019,0.01266,1
88,0,0.003,0.0,0.04127,1.0,0.0,107,2,0.0,1,12.0,15,0.14914,0,0.0412748171369,0,0.14435,5.46739,1.504,0.01136,1
128,0,0.015,0.0,0.02498,1.0,0.0,139,2,0.0,1,53.0,69,0.04106,0,0.0249753937008,0,0.14197,4.46932,1.028,0.00781,1
116,0,0.14,0.0,0.02834,1.0,0.0,134,2,0.0,1,15.0,19,0.12067,0,0.028335832084,0,0.1512,4.63885,1.18,0.00862,1
112,0,0.052,0.0,0.02864,1.0,0.0,129,2,0.0,1,19.0,27,0.12317,0,0.0286357786358,0,0.17574,4.55346,1.397,0.00893,1
88,0,0.117,0.0,0.03657,1.0,0.0,96,2,0.0,1,39.0,52,0.06069,0,0.0365726227795,0,0.13412,4.5569,1.031,0.01136,1
127,0,0.142,0.0,0.02362,1.0,0.0,141,2,0.0,1,23.0,31,0.09476,0,0.0236220472441,0,0.09276,4.13858,1.215,0.00787,1
112,0,0.147,0.0,0.03008,1.0,0.0,128,2,0.0,1,18.0,24,0.1026,0,0.0300836550837,0,0.17348,4.82536,1.314,0.00893,1
99,0,0.112,0.0,0.03278,1.0,0.0,110,2,0.0,1,31.0,40,0.06721,0,0.0327767470625,0,0.16335,4.60882,1.018,0.0101,1
91,0,0.18,0.0,0.03956,1.0,0.0,113,2,0.0,1,13.0,18,0.14392,0,0.0395604395604,0,0.23278,5.45872,1.298,0.01099,1
95,0,0.174,0.0,0.03606,1.0,0.0,115,2,0.0,1,29.0,37,0.07769,0,0.0360582306831,0,0.19942,5.27657,1.056,0.01053,1
107,0,0.149,0.0,0.03192,1.0,0.0,123,2,0.0,1,31.0,38,0.06665,0,0.0319167695292,0,0.14619,4.96251,1.078,0.00935,1
106,0,0.096,0.0,0.03199,1.0,0.0,118,2,0.0,1,23.0,31,0.08456,0,0.0319856244385,0,0.23277,4.8675,1.285,0.00943,1
57,0,0.112,0.0,0.05952,1.0,0.0,67,2,0.0,1,10.0,13,0.16473,0,0.0595238095238,0,0.17085,4.87178,1.26,0.01754,1
84,0,0.02,0.0,0.04131,1.0,0.0,94,2,0.0,1,20.0,26,0.09185,0,0.0413080895009,0,0.21628,5.14943,1.252,0.0119,1
113,0,0.007,0.0,0.02908,1.0,0.0,125,2,0.0,1,34.0,45,0.06354,0,0.0290771175727,0,0.073,4.66205,1.077,0.00885,1
110,0,0.097,0.0,0.02869,1.0,0.0,117,2,0.0,1,41.0,55,0.05482,0,0.0286905754796,0,0.15183,4.46469,1.024,0.00909,1
115,0,0.02,0.0,0.02822,1.0,0.0,128,2,0.0,1,23.0,31,0.08586,0,0.0282227307399,0,0.13895,4.56448,1.363,0.0087,1
137,0,-0.029,0.0,0.02404,1.0,0.0,167,2,0.0,1,13.0,18,0.13119,0,0.0240446543581,0,0.05636,4.60646,1.667,0.0073,1
97,0,0.042,0.0,0.03351,1.0,0.0,111,2,0.0,1,24.0,31,0.08244,0,0.0335051546392,0,0.16437,4.58962,1.028,0.01031,1
99,0,0.109,0.0,0.03401,1.0,0.0,118,2,0.0,1,15.0,20,0.13031,0,0.0340136054422,0,0.23621,5.03589,1.246,0.0101,1
99,0,0.233,0.0,0.03484,1.0,0.0,120,2,0.0,1,33.0,43,0.06553,0,0.0348381776953,0,0.17547,5.22833,1.061,0.0101,1
112,0,0.147,0.0,0.02912,1.0,0.0,127,2,0.0,1,18.0,24,0.10045,0,0.0291184041184,0,0.16912,4.70028,1.182,0.00893,1
96,0,0.057,0.0,0.03509,1.0,0.0,112,2,0.0,1,27.0,36,0.07725,0,0.0350877192982,0,0.14328,4.84547,1.072,0.01042,1
113,0,0.196,0.0,0.03255,1.0,0.0,151,2,0.0,1,12.0,17,0.15733,0,0.0325537294564,0,0.19579,5.60877,1.591,0.00885,1
123,0,0.155,0.0,0.02639,1.0,0.0,145,2,0.0,1,32.0,41,0.06334,0,0.0263894442223,0,0.16466,4.69606,1.065,0.00813,1
78,0,0.181,0.0,0.04396,1.0,0.0,92,2,0.0,1,18.0,22,0.10516,0,0.043956043956,0,0.12328,5.03802,1.378,0.01282,1
145,0,0.115,0.0,0.0228,1.0,0.0,179,2,0.0,1,17.0,24,0.11453,0,0.0227969348659,0,0.12938,4.72011,1.455,0.0069,1
107,0,0.133,0.0,0.03262,1.0,0.0,136,2,0.0,1,15.0,18,0.12311,0,0.0326221125022,0,0.22375,5.41432,1.547,0.00935,1
127,0,0.017,0.0,0.0255,1.0,0.0,143,2,0.0,1,22.0,28,0.08801,0,0.0254968128984,0,0.16637,4.52273,1.194,0.00787,1
72,0,0.207,0.0,0.0493,1.0,0.0,91,2,0.0,1,15.0,20,0.13231,0,0.0492957746479,0,0.17143,5.37817,1.099,0.01389,1
108,0,0.196,0.0,0.03167,1.0,0.0,128,2,0.0,1,18.0,25,0.11519,0,0.0316718587747,0,0.08312,4.9793,1.342,0.00926,1
100,0,-0.016,0.0,0.03313,1.0,0.0,112,2,0.0,1,37.0,50,0.06021,0,0.0331313131313,0,0.12575,4.80619,1.019,0.01,1
104,0,0.142,0.0,0.03006,1.0,0.0,115,2,0.0,1,28.0,39,0.08165,0,0.0300597460792,0,0.17211,4.25889,1.042,0.00962,1
105,0,-0.068,0.0,0.03407,1.0,0.0,125,2,0.0,1,21.0,27,0.10191,0,0.0340659340659,0,0.23605,5.44141,1.029,0.00952,1
82,0,0.111,0.0,0.04095,1.0,0.0,92,2,0.0,1,23.0,30,0.08677,0,0.0409515206263,0,0.17066,4.81598,1.142,0.0122,1
118,0,-0.07,0.0,0.02825,1.0,0.0,131,2,0.0,1,24.0,31,0.09658,0,0.0282485875706,0,0.17359,4.68364,1.263,0.00847,1
103,0,0.14,0.0,0.03217,1.0,0.0,117,2,0.0,1,27.0,36,0.07355,0,0.0321720921378,0,0.17555,4.56063,1.048,0.00971,1
89,0,-0.037,0.0,0.0383,1.0,0.0,111,2,0.0,1,18.0,26,0.11453,0,0.038304392237,0,0.25294,5.04438,1.287,0.01124,1
79,0,0.011,0.0,0.0409,1.0,0.0,85,2,0.0,1,33.0,44,0.06704,0,0.0408958130477,0,0.17353,4.52636,1.019,0.01266,1
88,0,0.003,0.0,0.04127,1.0,0.0,107,2,0.0,1,12.0,15,0.14914,0,0.0412748171369,0,0.14435,5.46739,1.504,0.01136,1
128,0,0.015,0.0,0.02498,1.0,0.0,139,2,0.0,1,53.0,69,0.04106,0,0.0249753937008,0,0.14197,4.46932,1.028,0.00781,1
116,0,0.14,0.0,0.02834,1.0,0.0,134,2,0.0,1,15.0,19,0.12067,0,0.028335832084,0,0.1512,4.63885,1.18,0.00862,1
112,0,0.052,0.0,0.02864,1.0,0.0,129,2,0.0,1,19.0,27,0.12317,0,0.0286357786358,0,0.17574,4.55346,1.397,0.00893,1
88,0,0.117,0.0,0.03657,1.0,0.0,96,2,0.0,1,39.0,52,0.06069,0,0.0365726227795,0,0.13412,4.5569,1.031,0.01136,1
127,0,0.142,0.0,0.02362,1.0,0.0,141,2,0.0,1,23.0,31,0.09476,0,0.0236220472441,0,0.09276,4.13858,1.215,0.00787,1
112,0,0.147,0.0,0.03008,1.0,0.0,128,2,0.0,1,18.0,24,0.1026,0,0.0300836550837,0,0.17348,4.82536,1.314,0.00893,1
99,0,0.112,0.0,0.03278,1.0,0.0,110,2,0.0,1,31.0,40,0.06721,0,0.0327767470625,0,0.16335,4.60882,1.018,0.0101,1
91,0,0.18,0.0,0.03956,1.0,0.0,113,2,0.0,1,13.0,18,0.14392,0,0.0395604395604,0,0.23278,5.45872,1.298,0.01099,1
95,0,0.174,0.0,0.03606,1.0,0.0,115,2,0.0,1,29.0,37,0.07769,0,0.0360582306831,0,0.19942,5.27657,1.056,0.01053,1
107,0,0.149,0.0,0.03192,1.0,0.0,123,2,0.0,1,31.0,38,0.06665,0,0.0319167695292,0,0.14619,4.96251,1.078,0.00935,1
106,0,0.096,0.0,0.03199,1.0,0.0,118,2,0.0,1,23.0,31,0.08456,0,0.0319856244385,0,0.23277,4.8675,1.285,0.00943,1
57,0,0.112,0.0,0.05952,1.0,0.0,67,2,0.0,1,10.0,13,0.16473,0,0.0595238095238,0,0.17085,4.87178,1.26,0.01754,1
84,0,0.02,0.0,0.04131,1.0,0.0,94,2,0.0,1,20.0,26,0.09185,0,0.0413080895009,0,0.21628,5.14943,1.252,0.0119,1
113,0,0.007,0.0,0.02908,1.0,0.0,125,2,0.0,1,34.0,45,0.06354,0,0.0290771175727,0,0.073,4.66205,1.077,0.00885,1
110,0,0.097,0.0,0.02869,1.0,0.0,117,2,0.0,1,41.0,55,0.05482,0,0.0286905754796,0,0.15183,4.46469,1.024,0.00909,1
115,0,0.02,0.0,0.02822,1.0,0.0,128,2,0.0,1,23.0,31,0.08586,0,0.0282227307399,0,0.13895,4.56448,1.363,0.0087,1
137,0,-0.029,0.0,0.02404,1.0,0.0,167,2,0.0,1,13.0,18,0.13119,0,0.0240446543581,0,0.05636,4.60646,1.667,0.0073,1
97,0,0.042,0.0,0.03351,1.0,0.0,111,2,0.0,1,24.0,31,0.08244,0,0.0335051546392,0,0.16437,4.58962,1.028,0.01031,1
99,0,0.109,0.0,0.03401,1.0,0.0,118,2,0.0,1,15.0,20,0.13031,0,0.0340136054422,0,0.23621,5.03589,1.246,0.0101,1
99,0,0.233,0.0,0.03484,1.0,0.0,120,2,0.0,1,33.0,43,0.06553,0,0.0348381776953,0,0.17547,5.22833,1.061,0.0101,1
112,0,0.147,0.0,0.02912,1.0,0.0,127,2,0.0,1,18.0,24,0.10045,0,0.0291184041184,0,0.16912,4.70028,1.182,0.00893,1
96,0,0.057,0.0,0.03509,1.0,0.0,112,2,0.0,1,27.0,36,0.07725,0,0.0350877192982,0,0.14328,4.84547,1.072,0.01042,1
113,0,0.196,0.0,0.03255,1.0,0.0,151,2,0.0,1,12.0,17,0.15733,0,0.0325537294564,0,0.19579,5.60877,1.591,0.00885,1
123,0,0.155,0.0,0.02639,1.0,0.0,145,2,0.0,1,32.0,41,0.06334,0,0.0263894442223,0,0.16466,4.69606,1.065,0.00813,1
78,0,0.181,0.0,0.04396,1.0,0.0,92,2,0.0,1,18.0,22,0.10516,0,0.043956043956,0,0.12328,5.03802,1.378,0.01282,1
145,0,0.115,0.0,0.0228,1.0,0.0,179,2,0.0,1,17.0,24,0.11453,0,0.0227969348659,0,0.12938,4.72011,1.455,0.0069,1
107,0,0.133,0.0,0.03262,1.0,0.0,136,2,0.0,1,15.0,18,0.12311,0,0.0326221125022,0,0.22375,5.41432,1.547,0.00935,1
127,0,0.017,0.0,0.0255,1.0,0.0,143,2,0.0,1,22.0,28,0.08801,0,0.0254968128984,0,0.16637,4.52273,1.194,0.00787,1
72,0,0.207,0.0,0.0493,1.0,0.0,91,2,0.0,1,15.0,20,0.13231,0,0.0492957746479,0,0.17143,5.37817,1.099,0.01389,1
108,0,0.196,0.0,0.03167,1.0,0.0,128,2,0.0,1,18.0,25,0.11519,0,0.0316718587747,0,0.08312,4.9793,1.342,0.00926,1
100,0,-0.016,0.0,0.03313,1.0,0.0,112,2,0.0,1,37.0,50,0.06021,0,0.0331313131313,0,0.12575,4.80619,1.019,0.01,1
104,0,0.142,0.0,0.03006,1.0,0.0,115,2,0.0,1,28.0,39,0.08165,0,0.0300597460792,0,0.17211,4.25889,1.042,0.00962,1
105,0,-0.068,0.0,0.03407,1.0,0.0,125,2,0.0,1,21.0,27,0.10191,0,0.0340659340659,0,0.23605,5.44141,1.029,0.00952,1
82,0,0.111,0.0,0.04095,1.0,0.0,92,2,0.0,1,23.0,30,0.08677,0,0.0409515206263,0,0.17066,4.81598,1.142,0.0122,1
118,0,-0.07,0.0,0.02825,1.0,0.0,131,2,0.0,1,24.0,31,0.09658,0,0.0282485875706,0,0.17359,4.68364,1.263,0.00847,1
103,0,0.14,0.0,0.03217,1.0,0.0,117,2,0.0,1,27.0,36,0.07355,0,0.0321720921378,0,0.17555,4.56063,1.048,0.00971,1
89,0,-0.037,0.0,0.0383,1.0,0.0,111,2,0.0,1,18.0,26,0.11453,0,0.038304392237,0,0.25294,5.04438,1.287,0.01124,1
79,0,0.011,0.0,0.0409,1.0,0.0,85,2,0.0,1,33.0,44,0.06704,0,0.0408958130477,0,0.17353,4.52636,1.019,0.01266,1
88,0,0.003,0.0,0.04127,1.0,0.0,107,2,0.0,1,12.0,15,0.14914,0,0.0412748171369,0,0.14435,5.46739,1.504,0.01136,1
128,0,0.015,0.0,0.02498,1.0,0.0,139,2,0.0,1,53.0,69,0.04106,0,0.0249753937008,0,0.14197,4.46932,1.028,0.00781,1
116,0,0.14,0.0,0.02834,1.0,0.0,134,2,0.0,1,15.0,19,0.12067,0,0.028335832084,0,0.1512,4.63885,1.18,0.00862,1
112,0,0.052,0.0,0.02864,1.0,0.0,129,2,0.0,1,19.0,27,0.12317,0,0.0286357786358,0,0.17574,4.55346,1.397,0.00893,1
88,0,0.117,0.0,0.03657,1.0,0.0,96,2,0.0,1,39.0,52,0.06069,0,0.0365726227795,0,0.13412,4.5569,1.031,0.01136,1
127,0,0.142,0.0,0.02362,1.0,0.0,141,2,0.0,1,23.0,31,0.09476,0,0.0236220472441,0,0.09276,4.13858,1.215,0.00787,1
112,0,0.147,0.0,0.03008,1.0,0.0,128,2,0.0,1,18.0,24,0.1026,0,0.0300836550837,0,0.17348,4.82536,1.314,0.00893,1
99,0,0.112,0.0,0.03278,1.0,0.0,110,2,0.0,1,31.0,40,0.06721,0,0.0327767470625,0,0.16335,4.60882,1.018,0.0101,1
91,0,0.18,0.0,0.03956,1.0,0.0,113,2,0.0,1,13.0,18,0.14392,0,0.0395604395604,0,0.23278,5.45872,1.298,0.01099,1
95,0,0.174,0.0,0.03606,1.0,0.0,115,2,0.0,1,29.0,37,0.07769,0,0.0360582306831,0,0.19942,5.27657,1.056,0.01053,1
107,0,0.149,0.0,0.03192,1.0,0.0,123,2,0.0,1,31.0,38,0.06665,0,0.0319167695292,0,0.14619,4.96251,1.078,0.00935,1
106,0,0.096,0.0,0.03199,1.0,0.0,118,2,0.0,1,23.0,31,0.08456,0,0.0319856244385,0,0.23277,4.8675,1.285,0.00943,1
57,0,0.112,0.0,0.05952,1.0,0.0,67,2,0.0,1,10.0,13,0.16473,0,0.0595238095238,0,0.17085,4.87178,1.26,0.01754,1
84,0,0.02,0.0,0.04131,1.0,0.0,94,2,0.0,1,20.0,26,0.09185,0,0.0413080895009,0,0.21628,5.14943,1.252,0.0119,1
113,0,0.007,0.0,0.02908,1.0,0.0,125,2,0.0,1,34.0,45,0.06354,0,0.0290771175727,0,0.073,4.66205,1.077,0.00885,1
110,0,0.097,0.0,0.02869,1.0,0.0,117,2,0.0,1,41.0,55,0.05482,0,0.0286905754796,0,0.15183,4.46469,1.024,0.00909,1
115,0,0.02,0.0,0.02822,1.0,0.0,128,2,0.0,1,23.0,31,0.08586,0,0.0282227307399,0,0.13895,4.56448,1.363,0.0087,1
137,0,-0.029,0.0,0.02404,1.0,0.0,167,2,0.0,1,13.0,18,0.13119,0,0.0240446543581,0,0.05636,4.60646,1.667,0.0073,1
97,0,0.042,0.0,0.03351,1.0,0.0,111,2,0.0,1,24.0,31,0.08244,0,0.0335051546392,0,0.16437,4.58962,1.028,0.01031,1
99,0,0.109,0.0,0.03401,1.0,0.0,118,2,0.0,1,15.0,20,0.13031,0,0.0340136054422,0,0.23621,5.03589,1.246,0.0101,1
99,0,0.233,0.0,0.03484,1.0,0.0,120,2,0.0,1,33.0,43,0.06553,0,0.0348381776953,0,0.17547,5.22833,1.061,0.0101,1
112,0,0.147,0.0,0.02912,1.0,0.0,127,2,0.0,1,18.0,24,0.10045,0,0.0291184041184,0,0.16912,4.70028,1.182,0.00893,1
96,0,0.057,0.0,0.03509,1.0,0.0,112,2,0.0,1,27.0,36,0.07725,0,0.0350877192982,0,0.14328,4.84547,1.072,0.01042,1
113,0,0.196,0.0,0.03255,1.0,0.0,151,2,0.0,1,12.0,17,0.15733,0,0.0325537294564,0,0.19579,5.60877,1.591,0.00885,1
123,0,0.155,0.0,0.02639,1.0,0.0,145,2,0.0,1,32.0,41,0.06334,0,0.0263894442223,0,0.16466,4.69606,1.065,0.00813,1
78,0,0.181,0.0,0.04396,1.0,0.0,92,2,0.0,1,18.0,22,0.10516,0,0.043956043956,0,0.12328,5.03802,1.378,0.01282,1
145,0,0.115,0.0,0.0228,1.0,0.0,179,2,0.0,1,17.0,24,0.11453,0,0.0227969348659,0,0.12938,4.72011,1.455,0.0069,1
107,0,0.133,0.0,0.03262,1.0,0.0,136,2,0.0,1,15.0,18,0.12311,0,0.0326221125022,0,0.22375,5.41432,1.547,0.00935,1
127,0,0.017,0.0,0.0255,1.0,0.0,143,2,0.0,1,22.0,28,0.08801,0,0.0254968128984,0,0.16637,4.52273,1.194,0.00787,1
72,0,0.207,0.0,0.0493,1.0,0.0,91,2,0.0,1,15.0,20,0.13231,0,0.0492957746479,0,0.17143,5.37817,1.099,0.01389,1
108,0,0.196,0.0,0.03167,1.0,0.0,128,2,0.0,1,18.0,25,0.11519,0,0.0316718587747,0,0.08312,4.9793,1.342,0.00926,1
100,0,-0.016,0.0,0.03313,1.0,0.0,112,2,0.0,1,37.0,50,0.06021,0,0.0331313131313,0,0.12575,4.80619,1.019,0.01,1
104,0,0.142,0.0,0.03006,1.0,0.0,115,2,0.0,1,28.0,39,0.08165,0,0.0300597460792,0,0.17211,4.25889,1.042,0.00962,1
105,0,-0.068,0.0,0.03407,1.0,0.0,125,2,0.0,1,21.0,27,0.10191,0,0.0340659340659,0,0.23605,5.44141,1.029,0.00952,1
82,0,0.111,0.0,0.04095,1.0,0.0,92,2,0.0,1,23.0,30,0.08677,0,0.0409515206263,0,0.17066,4.81598,1.142,0.0122,1
118,0,-0.07,0.0,0.02825,1.0,0.0,131,2,0.0,1,24.0,31,0.09658,0,0.0282485875706,0,0.17359,4.68364,1.263,0.00847,1
103,0,0.14,0.0,0.03217,1.0,0.0,117,2,0.0,1,27.0,36,0.07355,0,0.0321720921378,0,0.17555,4.56063,1.048,0.00971,1
89,0,-0.037,0.0,0.0383,1.0,0.0,111,2,0.0,1,18.0,26,0.11453,0,0.038304392237,0,0.25294,5.04438,1.287,0.01124,1
79,0,0.011,0.0,0.0409,1.0,0.0,85,2,0.0,1,33.0,44,0.06704,0,0.0408958130477,0,0.17353,4.52636,1.019,0.01266,1
88,0,0.003,0.0,0.04127,1.0,0.0,107,2,0.0,1,12.0,15,0.14914,0,0.0412748171369,0,0.14435,5.46739,1.504,0.01136,1
128,0,0.015,0.0,0.02498,1.0,0.0,139,2,0.0,1,53.0,69,0.04106,0,0.0249753937008,0,0.14197,4.46932,1.028,0.00781,1
116,0,0.14,0.0,0.02834,1.0,0.0,134,2,0.0,1,15.0,19,0.12067,0,0.028335832084,0,0.1512,4.63885,1.18,0.00862,1
112,0,0.052,0.0,0.02864,1.0,0.0,129,2,0.0,1,19.0,27,0.12317,0,0.0286357786358,0,0.17574,4.55346,1.397,0.00893,1
88,0,0.117,0.0,0.03657,1.0,0.0,96,2,0.0,1,39.0,52,0.06069,0,0.0365726227795,0,0.13412,4.5569,1.031,0.01136,1
127,0,0.142,0.0,0.02362,1.0,0.0,141,2,0.0,1,23.0,31,0.09476,0,0.0236220472441,0,0.09276,4.13858,1.215,0.00787,1
112,0,0.147,0.0,0.03008,1.0,0.0,128,2,0.0,1,18.0,24,0.1026,0,0.0300836550837,0,0.17348,4.82536,1.314,0.00893,1
99,0,0.112,0.0,0.03278,1.0,0.0,110,2,0.0,1,31.0,40,0.06721,0,0.0327767470625,0,0.16335,4.60882,1.018,0.0101,1
91,0,0.18,0.0,0.03956,1.0,0.0,113,2,0.0,1,13.0,18,0.14392,0,0.0395604395604,0,0.23278,5.45872,1.298,0.01099,1
95,0,0.174,0.0,0.03606,1.0,0.0,115,2,0.0,1,29.0,37,0.07769,0,0.0360582306831,0,0.19942,5.27657,1.056,0.01053,1
107,0,0.149,0.0,0.03192,1.0,0.0,123,2,0.0,1,31.0,38,0.06665,0,0.0319167695292,0,0.14619,4.96251,1.078,0.00935,1
106,0,0.096,0.0,0.03199,1.0,0.0,118,2,0.0,1,23.0,31,0.08456,0,0.0319856244385,0,0.23277,4.8675,1.285,0.00943,1
57,0,0.112,0.0,0.05952,1.0,0.0,67,2,0.0,1,10.0,13,0.16473,0,0.0595238095238,0,0.17085,4.87178,1.26,0.01754,1
84,0,0.02,0.0,0.04131,1.0,0.0,94,2,0.0,1,20.0,26,0.09185,0,0.0413080895009,0,0.21628,5.14943,1.252,0.0119,1
113,0,0.007,0.0,0.02908,1.0,0.0,125,2,0.0,1,34.0,45,0.06354,0,0.0290771175727,0,0.073,4.66205,1.077,0.00885,1
110,0,0.097,0.0,0.02869,1.0,0.0,117,2,0.0,1,41.0,55,0.05482,0,0.0286905754796,0,0.15183,4.46469,1.024,0.00909,1
115,0,0.02,0.0,0.02822,1.0,0.0,128,2,0.0,1,23.0,31,0.08586,0,0.0282227307399,0,0.13895,4.56448,1.363,0.0087,1
137,0,-0.029,0.0,0.02404,1.0,0.0,167,2,0.0,1,13.0,18,0.13119,0,0.0240446543581,0,0.05636,4.60646,1.667,0.0073,1
97,0,0.042,0.0,0.03351,1.0,0.0,111,2,0.0,1,24.0,31,0.08244,0,0.0335051546392,0,0.16437,4.58962,1.028,0.01031,1
99,0,0.109,0.0,0.03401,1.0,0.0,118,2,0.0,1,15.0,20,0.13031,0,0.0340136054422,0,0.23621,5.03589,1.246,0.0101,1
99,0,0.233,0.0,0.03484,1.0,0.0,120,2,0.0,1,33.0,43,0.06553,0,0.0348381776953,0,0.17547,5.22833,1.061,0.0101,1
112,0,0.147,0.0,0.02912,1.0,0.0,127,2,0.0,1,18.0,24,0.10045,0,0.0291184041184,0,0.16912,4.70028,1.182,0.00893,1
96,0,0.057,0.0,0.03509,1.0,0.0,112,2,0.0,1,27.0,36,0.07725,0,0.0350877192982,0,0.14328,4.84547,1.072,0.01042,1
113,0,0.196,0.0,0.03255,1.0,0.0,151,2,0.0,1,12.0,17,0.15733,0,0.0325537294564,0,0.19579,5.60877,1.591,0.00885,1
123,0,0.155,0.0,0.02639,1.0,0.0,145,2,0.0,1,32.0,41,0.06334,0,0.0263894442223,0,0.16466,4.69606,1.065,0.00813,1
78,0,0.181,0.0,0.04396,1.0,0.0,92,2,0.0,1,18.0,22,0.10516,0,0.043956043956,0,0.12328,5.03802,1.378,0.01282,1
145,0,0.115,0.0,0.0228,1.0,0.0,179,2,0.0,1,17.0,24,0.11453,0,0.0227969348659,0,0.12938,4.72011,1.455,0.0069,1
107,0,0.133,0.0,0.03262,1.0,0.0,136,2,0.0,1,15.0,18,0.12311,0,0.0326221125022,0,0.22375,5.41432,1.547,0.00935,1
127,0,0.017,0.0,0.0255,1.0,0.0,143,2,0.0,1,22.0,28,0.08801,0,0.0254968128984,0,0.16637,4.52273,1.194,0.00787,1
72,0,0.207,0.0,0.0493,1.0,0.0,91,2,0.0,1,15.0,20,0.13231,0,0.0492957746479,0,0.17143,5.37817,1.099,0.01389,1
108,0,0.196,0.0,0.03167,1.0,0.0,128,2,0.0,1,18.0,25,0.11519,0,0.0316718587747,0,0.08312,4.9793,1.342,0.00926,1
100,0,-0.016,0.0,0.03313,1.0,0.0,112,2,0.0,1,37.0,50,0.06021,0,0.0331313131313,0,0.12575,4.80619,1.019,0.01,1
104,0,0.142,0.0,0.03006,1.0,0.0,115,2,0.0,1,28.0,39,0.08165,0,0.0300597460792,0,0.17211,4.25889,1.042,0.00962,1
105,0,-0.068,0.0,0.03407,1.0,0.0,125,2,0.0,1,21.0,27,0.10191,0,0.0340659340659,0,0.23605,5.44141,1.029,0.00952,1
82,0,0.111,0.0,0.04095,1.0,0.0,92,2,0.0,1,23.0,30,0.08677,0,0.0409515206263,0,0.17066,4.81598,1.142,0.0122,1
118,0,-0.07,0.0,0.02825,1.0,0.0,131,2,0.0,1,24.0,31,0.09658,0,0.0282485875706,0,0.17359,4.68364,1.263,0.00847,1
103,0,0.14,0.0,0.03217,1.0,0.0,117,2,0.0,1,27.0,36,0.07355,0,0.0321720921378,0,0.17555,4.56063,1.048,0.00971,1
89,0,-0.037,0.0,0.0383,1.0,0.0,111,2,0.0,1,18.0,26,0.11453,0,0.038304392237,0,0.25294,5.04438,1.287,0.01124,1
79,0,0.011,0.0,0.0409,1.0,0.0,85,2,0.0,1,33.0,44,0.06704,0,0.0408958130477,0,0.17353,4.52636,1.019,0.01266,1
88,0,0.003,0.0,0.04127,1.0,0.0,107,2,0.0,1,12.0,15,0.14914,0,0.0412748171369,0,0.14435,5.46739,1.504,0.01136,1
128,0,0.015,0.0,0.02498,1.0,0.0,139,2,0.0,1,53.0,69,0.04106,0,0.0249753937008,0,0.14197,4.46932,1.028,0.00781,1
116,0,0.14,0.0,0.02834,1.0,0.0,134,2,0.0,1,15.0,19,0.12067,0,0.028335832084,0,0.1512,4.63885,1.18,0.00862,1
