294,0,0.211,0.0,0.01261,1.0,0.0,372,2,0.0,1,21.0,27,0.09176,0,0.0126070906178,0,0.17999,6.11607,1.465,0.0034,1
318,0,0.089,0.0,0.01087,1.0,0.0,383,2,0.0,1,30.0,42,0.07417,0,0.0108723687082,0,0.14938,5.1037,1.264,0.00314,1
317,0,0.072,0.0,0.01136,1.0,0.0,399,2,0.0,1,16.0,22,0.11842,0,0.0113604600088,0,0.16332,5.43244,1.489,0.00315,1
320,0,0.053,0.0,0.0113,1.0,0.0,399,2,0.0,1,23.0,30,0.09215,0,0.0113048589342,0,0.15081,5.53443,1.438,0.00313,1
309,0,0.185,0.0,0.01145,1.0,0.0,388,2,0.0,1,19.0,25,0.09774,0,0.0114529483462,0,0.14108,5.33699,1.469,0.00324,1
264,0,0.124,0.0,0.01561,1.0,0.0,392,2,0.0,1,13.0,19,0.1418,0,0.0156123977417,0,0.13619,7.21019,1.843,0.00379,1
319,0,0.147,0.0,0.01197,1.0,0.0,435,2,0.0,1,15.0,21,0.12075,0,0.0119674296642,0,0.15318,5.91217,1.656,0.00313,1
350,0,0.071,0.0,0.01015,1.0,0.0,425,2,0.0,1,35.0,45,0.06699,0,0.0101514531314,0,0.15539,5.29741,1.289,0.00286,1
304,0,0.055,0.0,0.01209,1.0,0.0,400,2,0.0,1,14.0,20,0.12464,0,0.0120939725552,0,0.13271,5.62127,1.559,0.00329,1
195,0,0.224,0.0,0.02162,1.0,0.0,284,2,0.0,1,12.0,17,0.16165,0,0.021623050489,0,0.2289,7.71418,1.559,0.00513,1
304,0,0.181,0.0,0.01199,1.0,0.0,385,2,0.0,1,17.0,23,0.10963,0,0.0119854090672,0,0.16787,5.57457,1.474,0.00329,1
349,0,0.019,0.0,0.00986,1.0,0.0,412,2,0.0,1,39.0,51,0.05701,0,0.00986397918519,0,0.13876,4.96257,1.396,0.00287,1
290,0,0.106,0.0,0.01222,1.0,0.0,341,2,0.0,1,30.0,39,0.07737,0,0.0122181123971,0,0.15369,5.18336,1.17,0.00345,1
318,0,0.138,0.0,0.01119,1.0,0.0,383,2,0.0,1,29.0,40,0.06647,0,0.0111898101303,0,0.13322,5.29572,1.52,0.00314,1
330,0,0.202,0.0,0.01052,1.0,0.0,402,2,0.0,1,26.0,34,0.08173,0,0.0105185594547,0,0.14529,5.13923,1.501,0.00303,1
251,0,0.025,0.0,0.01699,1.0,0.0,374,2,0.0,1,12.0,15,0.14991,0,0.0169880478088,0,0.14508,7.47026,1.735,0.00398,1
329,0,0.172,0.0,0.01073,1.0,0.0,405,2,0.0,1,20.0,29,0.10796,0,0.0107309659723,0,0.14553,5.39941,1.292,0.00304,1
260,0,0.121,0.0,0.01571,1.0,0.0,369,2,0.0,1,14.0,20,0.14821,0,0.0157113157113,0,0.16402,7.02698,1.578,0.00385,1
253,0,0.083,0.0,0.01412,1.0,0.0,303,2,0.0,1,34.0,45,0.05836,0,0.0141163184641,0,0.25344,5.34013,1.225,0.00395,1
239,0,0.136,0.0,0.01515,1.0,0.0,299,2,0.0,1,20.0,26,0.09385,0,0.0151541788263,0,0.16614,5.6379,1.313,0.00418,1
234,0,0.123,0.0,0.01559,1.0,0.0,296,2,0.0,1,17.0,24,0.10834,0,0.0155900370493,0,0.19267,5.84917,1.306,0.00427,1
257,0,0.077,0.0,0.01587,1.0,0.0,362,2,0.0,1,15.0,22,0.13524,0,0.0158681906615,0,0.19092,6.85849,1.576,0.00389,1
303,0,0.215,0.0,0.01331,1.0,0.0,437,2,0.0,1,13.0,17,0.14265,0,0.0133106025834,0,0.16273,6.65951,1.793,0.0033,1
327,0,0.159,0.0,0.01069,1.0,0.0,388,2,0.0,1,30.0,39,0.06095,0,0.0106939832273,0,0.19239,5.16714,1.352,0.00306,1
285,0,0.133,0.0,0.01423,1.0,0.0,412,2,0.0,1,12.0,18,0.14826,0,0.0142327650111,0,0.15329,6.63706,1.825,0.00351,1
347,0,0.075,0.0,0.01103,1.0,0.0,472,2,0.0,1,16.0,22,0.12482,0,0.0110276357215,0,0.17035,6.12242,1.584,0.00288,1
380,0,0.159,0.0,0.00926,1.0,0.0,477,2,0.0,1,22.0,32,0.08951,0,0.00926260241633,0,0.1507,5.29045,1.335,0.00263,1
342,0,0.108,0.0,0.01053,1.0,0.0,437,2,0.0,1,16.0,20,0.10622,0,0.0105297456741,0,0.11648,5.4397,1.548,0.00292,1
320,0,0.183,0.0,0.01111,1.0,0.0,402,2,0.0,1,18.0,23,0.10895,0,0.0111089341693,0,0.13502,5.31608,1.463,0.00312,1
290,0,0.108,0.0,0.0127,1.0,0.0,366,2,0.0,1,16.0,21,0.11227,0,0.0126953824126,0,0.15021,5.67427,1.516,0.00345,1
331,0,0.032,0.0,0.01058,1.0,0.0,401,2,0.0,1,30.0,40,0.0679,0,0.0105831731209,0,0.10702,5.12627,1.278,0.00302,1
272,0,0.019,0.0,0.01311,1.0,0.0,345,2,0.0,1,20.0,26,0.0895,0,0.0131050575212,0,0.14029,5.3925,1.532,0.00368,1
267,0,0.178,0.0,0.01321,1.0,0.0,324,2,0.0,1,31.0,40,0.07166,0,0.0132071752415,0,0.15834,5.41148,1.491,0.00375,1
309,0,0.12,0.0,0.01139,1.0,0.0,363,2,0.0,1,31.0,42,0.06576,0,0.0113899045938,0,0.13884,5.1582,1.15,0.00324,1
288,0,0.094,0.0,0.0122,1.0,0.0,343,2,0.0,1,21.0,29,0.08958,0,0.0121951219512,0,0.13045,5.29068,1.259,0.00347,1
339,0,0.093,0.0,0.01046,1.0,0.0,421,2,0.0,1,21.0,28,0.09221,0,0.01045539439,0,0.16479,5.33146,1.496,0.00295,1
268,0,0.016,0.0,0.01378,1.0,0.0,344,2,0.0,1,29.0,41,0.09301,0,0.0137794175191,0,0.1601,5.71547,1.346,0.00373,1
318,0,0.152,0.0,0.01139,1.0,0.0,397,2,0.0,1,17.0,25,0.1121,0,0.0113882110192,0,0.13306,5.42783,1.564,0.00314,1
323,0,0.095,0.0,0.01115,1.0,0.0,393,2,0.0,1,20.0,27,0.10086,0,0.0111532026998,0,0.15456,5.38914,1.465,0.0031,1
296,0,0.078,0.0,0.01271,1.0,0.0,388,2,0.0,1,17.0,24,0.11632,0,0.0127118644068,0,0.13207,6.1699,1.494,0.00338,1
333,0,0.271,0.0,0.01038,1.0,0.0,401,2,0.0,1,24.0,31,0.08085,0,0.0103838778538,0,0.11984,5.05771,1.426,0.003,1
322,0,0.143,0.0,0.01171,1.0,0.0,421,2,0.0,1,15.0,21,0.12409,0,0.0117064298291,0,0.14731,5.80663,1.587,0.00311,1
347,0,0.13,0.0,0.00984,1.0,0.0,411,2,0.0,1,18.0,24,0.09993,0,0.00984491346138,0,0.13529,5.01738,1.367,0.00288,1
294,0,0.211,0.0,0.01261,1.0,0.0,372,2,0.0,1,21.0,27,0.09176,0,0.0126070906178,0,0.17999,6.11607,1.465,0.0034,1
318,0,0.089,0.0,0.01087,1.0,0.0,383,2,0.0,1,30.0,42,0.07417,0,0.0108723687082,0,0.14938,5.1037,1.264,0.00314,1
317,0,0.072,0.0,0.01136,1.0,0.0,399,2,0.0,1,16.0,22,0.11842,0,0.0113604600088,0,0.16332,5.43244,1.489,0.00315,1
320,0,0.053,0.0,0.0113,1.0,0.0,399,2,0.0,1,23.0,30,0.09215,0,0.0113048589342,0,0.15081,5.53443,1.438,0.00313,1
309,0,0.185,0.0,0.01145,1.0,0.0,388,2,0.0,1,19.0,25,0.09774,0,0.0114529483462,0,0.14108,5.33699,1.469,0.00324,1
264,0,0.124,0.0,0.01561,1.0,0.0,392,2,0.0,1,13.0,19,0.1418,0,0.0156123977417,0,0.13619,7.21019,1.843,0.00379,1
319,0,0.147,0.0,0.01197,1.0,0.0,435,2,0.0,1,15.0,21,0.12075,0,0.0119674296642,0,0.15318,5.91217,1.656,0.00313,1
350,0,0.071,0.0,0.01015,1.0,0.0,425,2,0.0,1,35.0,45,0.06699,0,0.0101514531314,0,0.15539,5.29741,1.289,0.00286,1
304,0,0.055,0.0,0.01209,1.0,0.0,400,2,0.0,1,14.0,20,0.12464,0,0.0120939725552,0,0.13271,5.62127,1.559,0.00329,1
195,0,0.224,0.0,0.02162,1.0,0.0,284,2,0.0,1,12.0,17,0.16165,0,0.021623050489,0,0.2289,7.71418,1.559,0.00513,1
304,0,0.181,0.0,0.01199,1.0,0.0,385,2,0.0,1,17.0,23,0.10963,0,0.0119854090672,0,0.16787,5.57457,1.474,0.00329,1
349,0,0.019,0.0,0.00986,1.0,0.0,412,2,0.0,1,39.0,51,0.05701,0,0.00986397918519,0,0.13876,4.96257,1.396,0.00287,1
290,0,0.106,0.0,0.01222,1.0,0.0,341,2,0.0,1,30.0,39,0.07737,0,0.0122181123971,0,0.15369,5.18336,1.17,0.00345,1
318,0,0.138,0.0,0.01119,1.0,0.0,383,2,0.0,1,29.0,40,0.06647,0,0.0111898101303,0,0.13322,5.29572,1.52,0.00314,1
330,0,0.202,0.0,0.01052,1.0,0.0,402,2,0.0,1,26.0,34,0.08173,0,0.0105185594547,0,0.14529,5.13923,1.501,0.00303,1
251,0,0.025,0.0,0.01699,1.0,0.0,374,2,0.0,1,12.0,15,0.14991,0,0.0169880478088,0,0.14508,7.47026,1.735,0.00398,1
329,0,0.172,0.0,0.01073,1.0,0.0,405,2,0.0,1,20.0,29,0.10796,0,0.0107309659723,0,0.14553,5.39941,1.292,0.00304,1
260,0,0.121,0.0,0.01571,1.0,0.0,369,2,0.0,1,14.0,20,0.14821,0,0.0157113157113,0,0.16402,7.02698,1.578,0.00385,1
253,0,0.083,0.0,0.01412,1.0,0.0,303,2,0.0,1,34.0,45,0.05836,0,0.0141163184641,0,0.25344,5.34013,1.225,0.00395,1
239,0,0.136,0.0,0.01515,1.0,0.0,299,2,0.0,1,20.0,26,0.09385,0,0.0151541788263,0,0.16614,5.6379,1.313,0.00418,1
234,0,0.123,0.0,0.01559,1.0,0.0,296,2,0.0,1,17.0,24,0.10834,0,0.0155900370493,0,0.19267,5.84917,1.306,0.00427,1
257,0,0.077,0.0,0.01587,1.0,0.0,362,2,0.0,1,15.0,22,0.13524,0,0.0158681906615,0,0.19092,6.85849,1.576,0.00389,1
303,0,0.215,0.0,0.01331,1.0,0.0,437,2,0.0,1,13.0,17,0.14265,0,0.0133106025834,0,0.16273,6.65951,1.793,0.0033,1
327,0,0.159,0.0,0.01069,1.0,0.0,388,2,0.0,1,30.0,39,0.06095,0,0.0106939832273,0,0.19239,5.16714,1.352,0.00306,1
285,0,0.133,0.0,0.01423,1.0,0.0,412,2,0.0,1,12.0,18,0.14826,0,0.0142327650111,0,0.15329,6.63706,1.825,0.00351,1
347,0,0.075,0.0,0.01103,1.0,0.0,472,2,0.0,1,16.0,22,0.12482,0,0.0110276357215,0,0.17035,6.12242,1.584,0.00288,1
380,0,0.159,0.0,0.00926,1.0,0.0,477,2,0.0,1,22.0,32,0.08951,0,0.00926260241633,0,0.1507,5.29045,1.335,0.00263,1
342,0,0.108,0.0,0.01053,1.0,0.0,437,2,0.0,1,16.0,20,0.10622,0,0.0105297456741,0,0.11648,5.4397,1.548,0.00292,1
320,0,0.183,0.0,0.01111,1.0,0.0,402,2,0.0,1,18.0,23,0.10895,0,0.0111089341693,0,0.13502,5.31608,1.463,0.00312,1
290,0,0.108,0.0,0.0127,1.0,0.0,366,2,0.0,1,16.0,21,0.11227,0,0.0126953824126,0,0.15021,5.67427,1.516,0.00345,1
331,0,0.032,0.0,0.01058,1.0,0.0,401,2,0.0,1,30.0,40,0.0679,0,0.0105831731209,0,0.10702,5.12627,1.278,0.00302,1
272,0,0.019,0.0,0.01311,1.0,0.0,345,2,0.0,1,20.0,26,0.0895,0,0.0131050575212,0,0.14029,5.3925,1.532,0.00368,1
267,0,0.178,0.0,0.01321,1.0,0.0,324,2,0.0,1,31.0,40,0.07166,0,0.0132071752415,0,0.15834,5.41148,1.491,0.00375,1
309,0,0.12,0.0,0.01139,1.0,0.0,363,2,0.0,1,31.0,42,0.06576,0,0.0113899045938,0,0.13884,5.1582,1.15,0.00324,1
288,0,0.094,0.0,0.0122,1.0,0.0,343,2,0.0,1,21.0,29,0.08958,0,0.0121951219512,0,0.13045,5.29068,1.259,0.00347,1
339,0,0.093,0.0,0.01046,1.0,0.0,421,2,0.0,1,21.0,28,0.09221,0,0.01045539439,0,0.16479,5.33146,1.496,0.00295,1
268,0,0.016,0.0,0.01378,1.0,0.0,344,2,0.0,1,29.0,41,0.09301,0,0.0137794175191,0,0.1601,5.71547,1.346,0.00373,1
318,0,0.152,0.0,0.01139,1.0,0.0,397,2,0.0,1,17.0,25,0.1121,0,0.0113882110192,0,0.13306,5.42783,1.564,0.00314,1
323,0,0.095,0.0,0.01115,1.0,0.0,393,2,0.0,1,20.0,27,0.10086,0,0.0111532026998,0,0.15456,5.38914,1.465,0.0031,1
296,0,0.078,0.0,0.01271,1.0,0.0,388,2,0.0,1,17.0,24,0.11632,0,0.0127118644068,0,0.13207,6.1699,1.494,0.00338,1
333,0,0.271,0.0,0.01038,1.0,0.0,401,2,0.0,1,24.0,31,0.08085,0,0.0103838778538,0,0.11984,5.05771,1.426,0.003,1
322,0,0.143,0.0,0.01171,1.0,0.0,421,2,0.0,1,15.0,21,0.12409,0,0.0117064298291,0,0.14731,5.80663,1.587,0.00311,1
347,0,0.13,0.0,0.00984,1.0,0.0,411,2,0.0,1,18.0,24,0.09993,0,0.00984491346138,0,0.13529,5.01738,1.367,0.00288,1
294,0,0.211,0.0,0.01261,1.0,0.0,372,2,0.0,1,21.0,27,0.09176,0,0.0126070906178,0,0.17999,6.11607,1.465,0.0034,1
318,0,0.089,0.0,0.01087,1.0,0.0,383,2,0.0,1,30.0,42,0.07417,0,0.0108723687082,0,0.14938,5.1037,1.264,0.00314,1
317,0,0.072,0.0,0.01136,1.0,0.0,399,2,0.0,1,16.0,22,0.11842,0,0.0113604600088,0,0.16332,5.43244,1.489,0.00315,1
320,0,0.053,0.0,0.0113,1.0,0.0,399,2,0.0,1,23.0,30,0.09215,0,0.0113048589342,0,0.15081,5.53443,1.438,0.00313,1
309,0,0.185,0.0,0.01145,1.0,0.0,388,2,0.0,1,19.0,25,0.09774,0,0.0114529483462,0,0.14108,5.33699,1.469,0.00324,1
264,0,0.124,0.0,0.01561,1.0,0.0,392,2,0.0,1,13.0,19,0.1418,0,0.0156123977417,0,0.13619,7.21019,1.843,0.00379,1
319,0,0.147,0.0,0.01197,1.0,0.0,435,2,0.0,1,15.0,21,0.12075,0,0.0119674296642,0,0.15318,5.91217,1.656,0.00313,1
350,0,0.071,0.0,0.01015,1.0,0.0,425,2,0.0,1,35.0,45,0.06699,0,0.0101514531314,0,0.15539,5.29741,1.289,0.00286,1
304,0,0.055,0.0,0.01209,1.0,0.0,400,2,0.0,1,14.0,20,0.12464,0,0.0120939725552,0,0.13271,5.62127,1.559,0.00329,1
195,0,0.224,0.0,0.02162,1.0,0.0,284,2,0.0,1,12.0,17,0.16165,0,0.021623050489,0,0.2289,7.71418,1.559,0.00513,1
304,0,0.181,0.0,0.01199,1.0,0.0,385,2,0.0,1,17.0,23,0.10963,0,0.0119854090672,0,0.16787,5.57457,1.474,0.00329,1
349,0,0.019,0.0,0.00986,1.0,0.0,412,2,0.0,1,39.0,51,0.05701,0,0.00986397918519,0,0.13876,4.96257,1.396,0.00287,1
290,0,0.106,0.0,0.01222,1.0,0.0,341,2,0.0,1,30.0,39,0.07737,0,0.0122181123971,0,0.15369,5.18336,1.17,0.00345,1
318,0,0.138,0.0,0.01119,1.0,0.0,383,2,0.0,1,29.0,40,0.06647,0,0.0111898101303,0,0.13322,5.29572,1.52,0.00314,1
330,0,0.202,0.0,0.01052,1.0,0.0,402,2,0.0,1,26.0,34,0.08173,0,0.0105185594547,0,0.14529,5.13923,1.501,0.00303,1
251,0,0.025,0.0,0.01699,1.0,0.0,374,2,0.0,1,12.0,15,0.14991,0,0.0169880478088,0,0.14508,7.47026,1.735,0.00398,1
329,0,0.172,0.0,0.01073,1.0,0.0,405,2,0.0,1,20.0,29,0.10796,0,0.0107309659723,0,0.14553,5.39941,1.292,0.00304,1
260,0,0.121,0.0,0.01571,1.0,0.0,369,2,0.0,1,14.0,20,0.14821,0,0.0157113157113,0,0.16402,7.02698,1.578,0.00385,1
253,0,0.083,0.0,0.01412,1.0,0.0,303,2,0.0,1,34.0,45,0.05836,0,0.0141163184641,0,0.25344,5.34013,1.225,0.00395,1
239,0,0.136,0.0,0.01515,1.0,0.0,299,2,0.0,1,20.0,26,0.09385,0,0.0151541788263,0,0.16614,5.6379,1.313,0.00418,1
234,0,0.123,0.0,0.01559,1.0,0.0,296,2,0.0,1,17.0,24,0.10834,0,0.0155900370493,0,0.19267,5.84917,1.306,0.00427,1
257,0,0.077,0.0,0.01587,1.0,0.0,362,2,0.0,1,15.0,22,0.13524,0,0.0158681906615,0,0.19092,6.85849,1.576,0.00389,1
303,0,0.215,0.0,0.01331,1.0,0.0,437,2,0.0,1,13.0,17,0.14265,0,0.0133106025834,0,0.16273,6.65951,1.793,0.0033,1
327,0,0.159,0.0,0.01069,1.0,0.0,388,2,0.0,1,30.0,39,0.06095,0,0.0106939832273,0,0.19239,5.16714,1.352,0.00306,1
285,0,0.133,0.0,0.01423,1.0,0.0,412,2,0.0,1,12.0,18,0.14826,0,0.0142327650111,0,0.15329,6.63706,1.825,0.00351,1
347,0,0.075,0.0,0.01103,1.0,0.0,472,2,0.0,1,16.0,22,0.12482,0,0.0110276357215,0,0.17035,6.12242,1.584,0.00288,1
380,0,0.159,0.0,0.00926,1.0,0.0,477,2,0.0,1,22.0,32,0.08951,0,0.00926260241633,0,0.1507,5.29045,1.335,0.00263,1
342,0,0.108,0.0,0.01053,1.0,0.0,437,2,0.0,1,16.0,20,0.10622,0,0.0105297456741,0,0.11648,5.4397,1.548,0.00292,1
320,0,0.183,0.0,0.01111,1.0,0.0,402,2,0.0,1,18.0,23,0.10895,0,0.0111089341693,0,0.13502,5.31608,1.463,0.00312,1
290,0,0.108,0.0,0.0127,1.0,0.0,366,2,0.0,1,16.0,21,0.11227,0,0.0126953824126,0,0.15021,5.67427,1.516,0.00345,1
331,0,0.032,0.0,0.01058,1.0,0.0,401,2,0.0,1,30.0,40,0.0679,0,0.0105831731209,0,0.10702,5.12627,1.278,0.00302,1
272,0,0.019,0.0,0.01311,1.0,0.0,345,2,0.0,1,20.0,26,0.0895,0,0.0131050575212,0,0.14029,5.3925,1.532,0.00368,1
267,0,0.178,0.0,0.01321,1.0,0.0,324,2,0.0,1,31.0,40,0.07166,0,0.0132071752415,0,0.15834,5.41148,1.491,0.00375,1
309,0,0.12,0.0,0.01139,1.0,0.0,363,2,0.0,1,31.0,42,0.06576,0,0.0113899045938,0,0.13884,5.1582,1.15,0.00324,1
288,0,0.094,0.0,0.0122,1.0,0.0,343,2,0.0,1,21.0,29,0.08958,0,0.0121951219512,0,0.13045,5.29068,1.259,0.00347,1
339,0,0.093,0.0,0.01046,1.0,0.0,421,2,0.0,1,21.0,28,0.09221,0,0.01045539439,0,0.16479,5.33146,1.496,0.00295,1
268,0,0.016,0.0,0.01378,1.0,0.0,344,2,0.0,1,29.0,41,0.09301,0,0.0137794175191,0,0.1601,5.71547,1.346,0.00373,1
318,0,0.152,0.0,0.01139,1.0,0.0,397,2,0.0,1,17.0,25,0.1121,0,0.0113882110192,0,0.13306,5.42783,1.564,0.00314,1
323,0,0.095,0.0,0.01115,1.0,0.0,393,2,0.0,1,20.0,27,0.10086,0,0.0111532026998,0,0.15456,5.38914,1.465,0.0031,1
296,0,0.078,0.0,0.01271,1.0,0.0,388,2,0.0,1,17.0,24,0.11632,0,0.0127118644068,0,0.13207,6.1699,1.494,0.00338,1
333,0,0.271,0.0,0.01038,1.0,0.0,401,2,0.0,1,24.0,31,0.08085,0,0.0103838778538,0,0.11984,5.05771,1.426,0.003,1
322,0,0.143,0.0,0.01171,1.0,0.0,421,2,0.0,1,15.0,21,0.12409,0,0.0117064298291,0,0.14731,5.80663,1.587,0.00311,1
347,0,0.13,0.0,0.00984,1.0,0.0,411,2,0.0,1,18.0,24,0.09993,0,0.00984491346138,0,0.13529,5.01738,1.367,0.00288,1
294,0,0.211,0.0,0.01261,1.0,0.0,372,2,0.0,1,21.0,27,0.09176,0,0.0126070906178,0,0.17999,6.11607,1.465,0.0034,1
318,0,0.089,0.0,0.01087,1.0,0.0,383,2,0.0,1,30.0,42,0.07417,0,0.0108723687082,0,0.14938,5.1037,1.264,0.00314,1
317,0,0.072,0.0,0.01136,1.0,0.0,399,2,0.0,1,16.0,22,0.11842,0,0.0113604600088,0,0.16332,5.43244,1.489,0.00315,1
320,0,0.053,0.0,0.0113,1.0,0.0,399,2,0.0,1,23.0,30,0.09215,0,0.0113048589342,0,0.15081,5.53443,1.438,0.00313,1
309,0,0.185,0.0,0.01145,1.0,0.0,388,2,0.0,1,19.0,25,0.09774,0,0.0114529483462,0,0.14108,5.33699,1.469,0.00324,1
264,0,0.124,0.0,0.01561,1.0,0.0,392,2,0.0,1,13.0,19,0.1418,0,0.0156123977417,0,0.13619,7.21019,1.843,0.00379,1
319,0,0.147,0.0,0.01197,1.0,0.0,435,2,0.0,1,15.0,21,0.12075,0,0.0119674296642,0,0.15318,5.91217,1.656,0.00313,1
350,0,0.071,0.0,0.01015,1.0,0.0,425,2,0.0,1,35.0,45,0.06699,0,0.0101514531314,0,0.15539,5.29741,1.289,0.00286,1
304,0,0.055,0.0,0.01209,1.0,0.0,400,2,0.0,1,14.0,20,0.12464,0,0.0120939725552,0,0.13271,5.62127,1.559,0.00329,1
195,0,0.224,0.0,0.02162,1.0,0.0,284,2,0.0,1,12.0,17,0.16165,0,0.021623050489,0,0.2289,7.71418,1.559,0.00513,1
304,0,0.181,0.0,0.01199,1.0,0.0,385,2,0.0,1,17.0,23,0.10963,0,0.0119854090672,0,0.16787,5.57457,1.474,0.00329,1
349,0,0.019,0.0,0.00986,1.0,0.0,412,2,0.0,1,39.0,51,0.05701,0,0.00986397918519,0,0.13876,4.96257,1.396,0.00287,1
290,0,0.106,0.0,0.01222,1.0,0.0,341,2,0.0,1,30.0,39,0.07737,0,0.0122181123971,0,0.15369,5.18336,1.17,0.00345,1
318,0,0.138,0.0,0.01119,1.0,0.0,383,2,0.0,1,29.0,40,0.06647,0,0.0111898101303,0,0.13322,5.29572,1.52,0.00314,1
330,0,0.202,0.0,0.01052,1.0,0.0,402,2,0.0,1,26.0,34,0.08173,0,0.0105185594547,0,0.14529,5.13923,1.501,0.00303,1
251,0,0.025,0.0,0.01699,1.0,0.0,374,2,0.0,1,12.0,15,0.14991,0,0.0169880478088,0,0.14508,7.47026,1.735,0.00398,1
329,0,0.172,0.0,0.01073,1.0,0.0,405,2,0.0,1,20.0,29,0.10796,0,0.0107309659723,0,0.14553,5.39941,1.292,0.00304,1
260,0,0.121,0.0,0.01571,1.0,0.0,369,2,0.0,1,14.0,20,0.14821,0,0.0157113157113,0,0.16402,7.02698,1.578,0.00385,1
253,0,0.083,0.0,0.01412,1.0,0.0,303,2,0.0,1,34.0,45,0.05836,0,0.0141163184641,0,0.25344,5.34013,1.225,0.00395,1
239,0,0.136,0.0,0.01515,1.0,0.0,299,2,0.0,1,20.0,26,0.09385,0,0.0151541788263,0,0.16614,5.6379,1.313,0.00418,1
234,0,0.123,0.0,0.01559,1.0,0.0,296,2,0.0,1,17.0,24,0.10834,0,0.0155900370493,0,0.19267,5.84917,1.306,0.00427,1
257,0,0.077,0.0,0.01587,1.0,0.0,362,2,0.0,1,15.0,22,0.13524,0,0.0158681906615,0,0.19092,6.85849,1.576,0.00389,1
303,0,0.215,0.0,0.01331,1.0,0.0,437,2,0.0,1,13.0,17,0.14265,0,0.0133106025834,0,0.16273,6.65951,1.793,0.0033,1
327,0,0.159,0.0,0.01069,1.0,0.0,388,2,0.0,1,30.0,39,0.06095,0,0.0106939832273,0,0.19239,5.16714,1.352,0.00306,1
285,0,0.133,0.0,0.01423,1.0,0.0,412,2,0.0,1,12.0,18,0.14826,0,0.0142327650111,0,0.15329,6.63706,1.825,0.00351,1
347,0,0.075,0.0,0.01103,1.0,0.0,472,2,0.0,1,16.0,22,0.12482,0,0.0110276357215,0,0.17035,6.12242,1.584,0.00288,1
380,0,0.159,0.0,0.00926,1.0,0.0,477,2,0.0,1,22.0,32,0.08951,0,0.00926260241633,0,0.1507,5.29045,1.335,0.00263,1
342,0,0.108,0.0,0.01053,1.0,0.0,437,2,0.0,1,16.0,20,0.10622,0,0.0105297456741,0,0.11648,5.4397,1.548,0.00292,1
320,0,0.183,0.0,0.01111,1.0,0.0,402,2,0.0,1,18.0,23,0.10895,0,0.0111089341693,0,0.13502,5.31608,1.463,0.00312,1
290,0,0.108,0.0,0.0127,1.0,0.0,366,2,0.0,1,16.0,21,0.11227,0,0.0126953824126,0,0.15021,5.67427,1.516,0.00345,1
331,0,0.032,0.0,0.01058,1.0,0.0,401,2,0.0,1,30.0,40,0.0679,0,0.0105831731209,0,0.10702,5.12627,1.278,0.00302,1
272,0,0.019,0.0,0.01311,1.0,0.0,345,2,0.0,1,20.0,26,0.0895,0,0.0131050575212,0,0.14029,5.3925,1.532,0.00368,1
267,0,0.178,0.0,0.01321,1.0,0.0,324,2,0.0,1,31.0,40,0.07166,0,0.0132071752415,0,0.15834,5.41148,1.491,0.00375,1
309,0,0.12,0.0,0.01139,1.0,0.0,363,2,0.0,1,31.0,42,0.06576,0,0.0113899045938,0,0.13884,5.1582,1.15,0.00324,1
288,0,0.094,0.0,0.0122,1.0,0.0,343,2,0.0,1,21.0,29,0.08958,0,0.0121951219512,0,0.13045,5.29068,1.259,0.00347,1
339,0,0.093,0.0,0.01046,1.0,0.0,421,2,0.0,1,21.0,28,0.09221,0,0.01045539439,0,0.16479,5.33146,1.496,0.00295,1
268,0,0.016,0.0,0.01378,1.0,0.0,344,2,0.0,1,29.0,41,0.09301,0,0.0137794175191,0,0.1601,5.71547,1.346,0.00373,1
318,0,0.152,0.0,0.01139,1.0,0.0,397,2,0.0,1,17.0,25,0.1121,0,0.0113882110192,0,0.13306,5.42783,1.564,0.00314,1
323,0,0.095,0.0,0.01115,1.0,0.0,393,2,0.0,1,20.0,27,0.10086,0,0.0111532026998,0,0.15456,5.38914,1.465,0.0031,1
296,0,0.078,0.0,0.01271,1.0,0.0,388,2,0.0,1,17.0,24,0.11632,0,0.0127118644068,0,0.13207,6.1699,1.494,0.00338,1
333,0,0.271,0.0,0.01038,1.0,0.0,401,2,0.0,1,24.0,31,0.08085,0,0.0103838778538,0,0.11984,5.05771,1.426,0.003,1
322,0,0.143,0.0,0.01171,1.0,0.0,421,2,0.0,1,15.0,21,0.12409,0,0.0117064298291,0,0.14731,5.80663,1.587,0.00311,1
347,0,0.13,0.0,0.00984,1.0,0.0,411,2,0.0,1,18.0,24,0.09993,0,0.00984491346138,0,0.13529,5.01738,1.367,0.00288,1
294,0,0.211,0.0,0.01261,1.0,0.0,372,2,0.0,1,21.0,27,0.09176,0,0.0126070906178,0,0.17999,6.11607,1.465,0.0034,1
318,0,0.089,0.0,0.01087,1.0,0.0,383,2,0.0,1,30.0,42,0.07417,0,0.0108723687082,0,0.14938,5.1037,1.264,0.00314,1
317,0,0.072,0.0,0.01136,1.0,0.0,399,2,0.0,1,16.0,22,0.11842,0,0.0113604600088,0,0.16332,5.43244,1.489,0.00315,1
320,0,0.053,0.0,0.0113,1.0,0.0,399,2,0.0,1,23.0,30,0.09215,0,0.0113048589342,0,0.15081,5.53443,1.438,0.00313,1
309,0,0.185,0.0,0.01145,1.0,0.0,388,2,0.0,1,19.0,25,0.09774,0,0.0114529483462,0,0.14108,5.33699,1.469,0.00324,1
264,0,0.124,0.0,0.01561,1.0,0.0,392,2,0.0,1,13.0,19,0.1418,0,0.0156123977417,0,0.13619,7.21019,1.843,0.00379,1
319,0,0.147,0.0,0.01197,1.0,0.0,435,2,0.0,1,15.0,21,0.12075,0,0.0119674296642,0,0.15318,5.91217,1.656,0.00313,1
350,0,0.071,0.0,0.01015,1.0,0.0,425,2,0.0,1,35.0,45,0.06699,0,0.0101514531314,0,0.15539,5.29741,1.289,0.00286,1
304,0,0.055,0.0,0.01209,1.0,0.0,400,2,0.0,1,14.0,20,0.12464,0,0.0120939725552,0,0.13271,5.62127,1.559,0.00329,1
195,0,0.224,0.0,0.02162,1.0,0.0,284,2,0.0,1,12.0,17,0.16165,0,0.021623050489,0,0.2289,7.71418,1.559,0.00513,1
304,0,0.181,0.0,0.01199,1.0,0.0,385,2,0.0,1,17.0,23,0.10963,0,0.0119854090672,0,0.16787,5.57457,1.474,0.00329,1
349,0,0.019,0.0,0.00986,1.0,0.0,412,2,0.0,1,39.0,51,0.05701,0,0.00986397918519,0,0.13876,4.96257,1.396,0.00287,1
290,0,0.106,0.0,0.01222,1.0,0.0,341,2,0.0,1,30.0,39,0.07737,0,0.0122181123971,0,0.15369,5.18336,1.17,0.00345,1
318,0,0.138,0.0,0.01119,1.0,0.0,383,2,0.0,1,29.0,40,0.06647,0,0.0111898101303,0,0.13322,5.29572,1.52,0.00314,1
330,0,0.202,0.0,0.01052,1.0,0.0,402,2,0.0,1,26.0,34,0.08173,0,0.0105185594547,0,0.14529,5.13923,1.501,0.00303,1
251,0,0.025,0.0,0.01699,1.0,0.0,374,2,0.0,1,12.0,15,0.14991,0,0.0169880478088,0,0.14508,7.47026,1.735,0.00398,1
329,0,0.172,0.0,0.01073,1.0,0.0,405,2,0.0,1,20.0,29,0.10796,0,0.0107309659723,0,0.14553,5.39941,1.292,0.00304,1
260,0,0.121,0.0,0.01571,1.0,0.0,369,2,0.0,1,14.0,20,0.14821,0,0.0157113157113,0,0.16402,7.02698,1.578,0.00385,1
253,0,0.083,0.0,0.01412,1.0,0.0,303,2,0.0,1,34.0,45,0.05836,0,0.0141163184641,0,0.25344,5.34013,1.225,0.00395,1
239,0,0.136,0.0,0.01515,1.0,0.0,299,2,0.0,1,20.0,26,0.09385,0,0.0151541788263,0,0.16614,5.6379,1.313,0.00418,1
234,0,0.123,0.0,0.01559,1.0,0.0,296,2,0.0,1,17.0,24,0.10834,0,0.0155900370493,0,0.19267,5.84917,1.306,0.00427,1
257,0,0.077,0.0,0.01587,1.0,0.0,362,2,0.0,1,15.0,22,0.13524,0,0.0158681906615,0,0.19092,6.85849,1.576,0.00389,1
303,0,0.215,0.0,0.01331,1.0,0.0,437,2,0.0,1,13.0,17,0.14265,0,0.0133106025834,0,0.16273,6.65951,1.793,0.0033,1
327,0,0.159,0.0,0.01069,1.0,0.0,388,2,0.0,1,30.0,39,0.06095,0,0.0106939832273,0,0.19239,5.16714,1.352,0.00306,1
285,0,0.133,0.0,0.01423,1.0,0.0,412,2,0.0,1,12.0,18,0.14826,0,0.0142327650111,0,0.15329,6.63706,1.825,0.00351,1
347,0,0.075,0.0,0.01103,1.0,0.0,472,2,0.0,1,16.0,22,0.12482,0,0.0110276357215,0,0.17035,6.12242,1.584,0.00288,1
380,0,0.159,0.0,0.00926,1.0,0.0,477,2,0.0,1,22.0,32,0.08951,0,0.00926260241633,0,0.1507,5.29045,1.335,0.00263,1
342,0,0.108,0.0,0.01053,1.0,0.0,437,2,0.0,1,16.0,20,0.10622,0,0.0105297456741,0,0.11648,5.4397,1.548,0.00292,1
320,0,0.183,0.0,0.01111,1.0,0.0,402,2,0.0,1,18.0,23,0.10895,0,0.0111089341693,0,0.13502,5.31608,1.463,0.00312,1
290,0,0.108,0.0,0.0127,1.0,0.0,366,2,0.0,1,16.0,21,0.11227,0,0.0126953824126,0,0.15021,5.67427,1.516,0.00345,1
331,0,0.032,0.0,0.01058,1.0,0.0,401,2,0.0,1,30.0,40,0.0679,0,0.0105831731209,0,0.10702,5.12627,1.278,0.00302,1
272,0,0.019,0.0,0.01311,1.0,0.0,345,2,0.0,1,20.0,26,0.0895,0,0.0131050575212,0,0.14029,5.3925,1.532,0.00368,1
267,0,0.178,0.0,0.01321,1.0,0.0,324,2,0.0,1,31.0,40,0.07166,0,0.0132071752415,0,0.15834,5.41148,1.491,0.00375,1
309,0,0.12,0.0,0.01139,1.0,0.0,363,2,0.0,1,31.0,42,0.06576,0,0.0113899045938,0,0.13884,5.1582,1.15,0.00324,1
288,0,0.094,0.0,0.0122,1.0,0.0,343,2,0.0,1,21.0,29,0.08958,0,0.0121951219512,0,0.13045,5.29068,1.259,0.00347,1
339,0,0.093,0.0,0.01046,1.0,0.0,421,2,0.0,1,21.0,28,0.09221,0,0.01045539439,0,0.16479,5.33146,1.496,0.00295,1
268,0,0.016,0.0,0.01378,1.0,0.0,344,2,0.0,1,29.0,41,0.09301,0,0.0137794175191,0,0.1601,5.71547,1.346,0.00373,1
318,0,0.152,0.0,0.01139,1.0,0.0,397,2,0.0,1,17.0,25,0.1121,0,0.0113882110192,0,0.13306,5.42783,1.564,0.00314,1
323,0,0.095,0.0,0.01115,1.0,0.0,393,2,0.0,1,20.0,27,0.10086,0,0.0111532026998,0,0.15456,5.38914,1.465,0.0031,1
296,0,0.078,0.0,0.01271,1.0,0.0,388,2,0.0,1,17.0,24,0.11632,0,0.0127118644068,0,0.13207,6.1699,1.494,0.00338,1
333,0,0.271,0.0,0.01038,1.0,0.0,401,2,0.0,1,24.0,31,0.08085,0,0.0103838778538,0,0.11984,5.05771,1.426,0.003,1
322,0,0.143,0.0,0.01171,1.0,0.0,421,2,0.0,1,15.0,21,0.12409,0,0.0117064298291,0,0.14731,5.80663,1.587,0.00311,1
347,0,0.13,0.0,0.00984,1.0,0.0,411,2,0.0,1,18.0,24,0.09993,0,0.00984491346138,0,0.13529,5.01738,1.367,0.00288,1
