262,0,0.112,0.0,0.01369,1.0,0.0,317,2,0.0,1,17.0,23,0.1084,0,0.0136878125823,0,0.17652,5.33283,1.362,0.00382,1
215,0,0.31,0.0,0.01691,1.0,0.0,267,2,0.0,1,32.0,42,0.06708,0,0.0169093675288,0,0.16025,5.60811,1.165,0.00465,1
236,0,0.18,0.0,0.01554,1.0,0.0,291,2,0.0,1,17.0,22,0.10328,0,0.0155427335016,0,0.13298,5.73917,1.508,0.00424,1
223,0,0.045,0.0,0.01584,1.0,0.0,260,2,0.0,1,24.0,29,0.07528,0,0.015836464267,0,0.15098,5.2164,1.275,0.00448,1
277,0,0.073,0.0,0.01237,1.0,0.0,332,2,0.0,1,23.0,31,0.08695,0,0.0123737770104,0,0.13991,5.00169,1.309,0.00361,1
254,0,0.157,0.0,0.01593,1.0,0.0,361,2,0.0,1,16.0,22,0.12301,0,0.0159347670474,0,0.17399,6.58842,1.662,0.00394,1
194,0,0.125,0.0,0.01987,1.0,0.0,255,2,0.0,1,14.0,18,0.132,0,0.019870733401,0,0.18487,7.08307,1.453,0.00515,1
252,0,0.088,0.0,0.01436,1.0,0.0,317,2,0.0,1,21.0,28,0.09753,0,0.0143552773035,0,0.12289,5.49531,1.348,0.00397,1
242,0,0.117,0.0,0.01416,1.0,0.0,288,2,0.0,1,28.0,38,0.08464,0,0.0141627516203,0,0.13177,5.06419,1.416,0.00413,1
206,0,0.101,0.0,0.01871,1.0,0.0,280,2,0.0,1,12.0,17,0.15393,0,0.0187070802747,0,0.16002,6.49711,1.654,0.00485,1
225,0,0.02,0.0,0.01667,1.0,0.0,277,2,0.0,1,20.0,26,0.09066,0,0.0166666666667,0,0.17807,5.95599,1.473,0.00444,1
224,0,0.025,0.0,0.01537,1.0,0.0,253,2,0.0,1,33.0,42,0.0628,0,0.0153747597694,0,0.20141,5.02724,1.026,0.00446,1
289,0,0.108,0.0,0.01161,1.0,0.0,327,2,0.0,1,33.0,46,0.06085,0,0.0116061130334,0,0.14535,4.78431,1.191,0.00346,1
239,0,0.108,0.0,0.01413,1.0,0.0,289,2,0.0,1,26.0,35,0.07337,0,0.0141345241025,0,0.14992,4.96311,1.34,0.00418,1
274,0,0.047,0.0,0.01257,1.0,0.0,323,2,0.0,1,28.0,36,0.06865,0,0.0125665089169,0,0.1583,5.03497,1.478,0.00365,1
206,0,0.182,0.0,0.01842,1.0,0.0,286,2,0.0,1,13.0,19,0.14015,0,0.0184229220933,0,0.11788,6.03369,1.577,0.00485,1
261,0,0.084,0.0,0.01329,1.0,0.0,317,2,0.0,1,21.0,26,0.08342,0,0.0132920719128,0,0.11744,5.11532,1.356,0.00383,1
230,0,0.09,0.0,0.0164,1.0,0.0,303,2,0.0,1,15.0,20,0.11954,0,0.0164040250617,0,0.21356,5.9618,1.407,0.00435,1
258,0,0.225,0.0,0.01279,1.0,0.0,295,2,0.0,1,28.0,41,0.08081,0,0.0127891895153,0,0.13497,4.71077,1.248,0.00388,1
280,0,0.183,0.0,0.01285,1.0,0.0,365,2,0.0,1,20.0,29,0.10499,0,0.0128520225294,0,0.15052,5.51988,1.629,0.00357,1
273,0,0.201,0.0,0.01349,1.0,0.0,359,2,0.0,1,16.0,22,0.12533,0,0.0134938590821,0,0.12857,5.85493,1.431,0.00366,1
210,0,0.139,0.0,0.01777,1.0,0.0,279,2,0.0,1,12.0,16,0.15067,0,0.0177717019822,0,0.16769,6.26807,1.588,0.00476,1
266,0,0.15,0.0,0.01407,1.0,0.0,359,2,0.0,1,17.0,23,0.11091,0,0.0140729181444,0,0.18549,6.06985,1.614,0.00376,1
270,0,0.15,0.0,0.0128,1.0,0.0,317,2,0.0,1,43.0,56,0.04773,0,0.0128046261875,0,0.16045,5.08639,1.168,0.0037,1
228,0,0.159,0.0,0.01685,1.0,0.0,312,2,0.0,1,14.0,21,0.13948,0,0.0168482881212,0,0.14938,5.99575,1.558,0.00439,1
261,0,0.203,0.0,0.01444,1.0,0.0,348,2,0.0,1,18.0,23,0.12096,0,0.0144414972001,0,0.15484,5.99509,1.708,0.00383,1
276,0,0.189,0.0,0.01241,1.0,0.0,342,2,0.0,1,20.0,27,0.09603,0,0.0124110671937,0,0.1318,5.03395,1.415,0.00362,1
276,0,0.094,0.0,0.01289,1.0,0.0,343,2,0.0,1,21.0,30,0.1007,0,0.0128853754941,0,0.14768,5.30643,1.399,0.00362,1
249,0,0.147,0.0,0.01483,1.0,0.0,313,2,0.0,1,18.0,25,0.11928,0,0.014833527659,0,0.12727,5.92725,1.466,0.00402,1
283,0,0.091,0.0,0.01205,1.0,0.0,339,2,0.0,1,24.0,33,0.08164,0,0.0120542315114,0,0.15972,4.99242,1.369,0.00353,1
237,0,-0.033,0.0,0.01498,1.0,0.0,280,2,0.0,1,34.0,47,0.06328,0,0.0149824787242,0,0.16746,5.37456,1.068,0.00422,1
211,0,0.116,0.0,0.0172,1.0,0.0,260,2,0.0,1,28.0,40,0.07545,0,0.0171970209885,0,0.21165,5.528,1.328,0.00474,1
259,0,0.219,0.0,0.01317,1.0,0.0,313,2,0.0,1,20.0,26,0.09646,0,0.0131693154949,0,0.11935,4.98696,1.382,0.00386,1
203,0,0.183,0.0,0.01775,1.0,0.0,246,2,0.0,1,31.0,41,0.06913,0,0.0177534994879,0,0.18176,5.48796,1.132,0.00493,1
244,0,0.204,0.0,0.0141,1.0,0.0,278,2,0.0,1,35.0,49,0.06434,0,0.0140997099103,0,0.1766,4.99955,1.157,0.0041,1
275,0,0.175,0.0,0.01306,1.0,0.0,342,2,0.0,1,19.0,29,0.10989,0,0.0130590577306,0,0.1471,5.36797,1.558,0.00364,1
228,0,0.227,0.0,0.01523,1.0,0.0,271,2,0.0,1,21.0,27,0.08984,0,0.0152252878893,0,0.19678,5.26987,1.239,0.00439,1
293,0,0.112,0.0,0.01164,1.0,0.0,356,2,0.0,1,19.0,24,0.09088,0,0.0116414979662,0,0.10367,4.89864,1.588,0.00341,1
240,0,0.143,0.0,0.01437,1.0,0.0,272,2,0.0,1,37.0,51,0.0523,0,0.0143654114365,0,0.18111,5.03864,1.271,0.00417,1
240,0,-0.024,0.0,0.01409,1.0,0.0,278,2,0.0,1,24.0,32,0.07592,0,0.0140864714086,0,0.12466,4.88029,1.235,0.00417,1
219,0,0.196,0.0,0.01609,1.0,0.0,266,2,0.0,1,18.0,27,0.11398,0,0.016086464748,0,0.13033,5.20545,1.482,0.00457,1
307,0,0.206,0.0,0.01135,1.0,0.0,383,2,0.0,1,19.0,27,0.10196,0,0.0113474271359,0,0.12861,5.18851,1.558,0.00326,1
173,0,0.33,0.0,0.02245,1.0,0.0,233,2,0.0,1,14.0,19,0.12765,0,0.022449253932,0,0.15793,6.59643,1.411,0.00578,1
262,0,0.112,0.0,0.01369,1.0,0.0,317,2,0.0,1,17.0,23,0.1084,0,0.0136878125823,0,0.17652,5.33283,1.362,0.00382,1
215,0,0.31,0.0,0.01691,1.0,0.0,267,2,0.0,1,32.0,42,0.06708,0,0.0169093675288,0,0.16025,5.60811,1.165,0.00465,1
236,0,0.18,0.0,0.01554,1.0,0.0,291,2,0.0,1,17.0,22,0.10328,0,0.0155427335016,0,0.13298,5.73917,1.508,0.00424,1
223,0,0.045,0.0,0.01584,1.0,0.0,260,2,0.0,1,24.0,29,0.07528,0,0.015836464267,0,0.15098,5.2164,1.275,0.00448,1
277,0,0.073,0.0,0.01237,1.0,0.0,332,2,0.0,1,23.0,31,0.08695,0,0.0123737770104,0,0.13991,5.00169,1.309,0.00361,1
254,0,0.157,0.0,0.01593,1.0,0.0,361,2,0.0,1,16.0,22,0.12301,0,0.0159347670474,0,0.17399,6.58842,1.662,0.00394,1
194,0,0.125,0.0,0.01987,1.0,0.0,255,2,0.0,1,14.0,18,0.132,0,0.019870733401,0,0.18487,7.08307,1.453,0.00515,1
252,0,0.088,0.0,0.01436,1.0,0.0,317,2,0.0,1,21.0,28,0.09753,0,0.0143552773035,0,0.12289,5.49531,1.348,0.00397,1
242,0,0.117,0.0,0.01416,1.0,0.0,288,2,0.0,1,28.0,38,0.08464,0,0.0141627516203,0,0.13177,5.06419,1.416,0.00413,1
206,0,0.101,0.0,0.01871,1.0,0.0,280,2,0.0,1,12.0,17,0.15393,0,0.0187070802747,0,0.16002,6.49711,1.654,0.00485,1
225,0,0.02,0.0,0.01667,1.0,0.0,277,2,0.0,1,20.0,26,0.09066,0,0.0166666666667,0,0.17807,5.95599,1.473,0.00444,1
224,0,0.025,0.0,0.01537,1.0,0.0,253,2,0.0,1,33.0,42,0.0628,0,0.0153747597694,0,0.20141,5.02724,1.026,0.00446,1
289,0,0.108,0.0,0.01161,1.0,0.0,327,2,0.0,1,33.0,46,0.06085,0,0.0116061130334,0,0.14535,4.78431,1.191,0.00346,1
239,0,0.108,0.0,0.01413,1.0,0.0,289,2,0.0,1,26.0,35,0.07337,0,0.0141345241025,0,0.14992,4.96311,1.34,0.00418,1
274,0,0.047,0.0,0.01257,1.0,0.0,323,2,0.0,1,28.0,36,0.06865,0,0.0125665089169,0,0.1583,5.03497,1.478,0.00365,1
206,0,0.182,0.0,0.01842,1.0,0.0,286,2,0.0,1,13.0,19,0.14015,0,0.0184229220933,0,0.11788,6.03369,1.577,0.00485,1
261,0,0.084,0.0,0.01329,1.0,0.0,317,2,0.0,1,21.0,26,0.08342,0,0.0132920719128,0,0.11744,5.11532,1.356,0.00383,1
230,0,0.09,0.0,0.0164,1.0,0.0,303,2,0.0,1,15.0,20,0.11954,0,0.0164040250617,0,0.21356,5.9618,1.407,0.00435,1
258,0,0.225,0.0,0.01279,1.0,0.0,295,2,0.0,1,28.0,41,0.08081,0,0.0127891895153,0,0.13497,4.71077,1.248,0.00388,1
280,0,0.183,0.0,0.01285,1.0,0.0,365,2,0.0,1,20.0,29,0.10499,0,0.0128520225294,0,0.15052,5.51988,1.629,0.00357,1
273,0,0.201,0.0,0.01349,1.0,0.0,359,2,0.0,1,16.0,22,0.12533,0,0.0134938590821,0,0.12857,5.85493,1.431,0.00366,1
210,0,0.139,0.0,0.01777,1.0,0.0,279,2,0.0,1,12.0,16,0.15067,0,0.0177717019822,0,0.16769,6.26807,1.588,0.00476,1
266,0,0.15,0.0,0.01407,1.0,0.0,359,2,0.0,1,17.0,23,0.11091,0,0.0140729181444,0,0.18549,6.06985,1.614,0.00376,1
270,0,0.15,0.0,0.0128,1.0,0.0,317,2,0.0,1,43.0,56,0.04773,0,0.0128046261875,0,0.16045,5.08639,1.168,0.0037,1
228,0,0.159,0.0,0.01685,1.0,0.0,312,2,0.0,1,14.0,21,0.13948,0,0.0168482881212,0,0.14938,5.99575,1.558,0.00439,1
261,0,0.203,0.0,0.01444,1.0,0.0,348,2,0.0,1,18.0,23,0.12096,0,0.0144414972001,0,0.15484,5.99509,1.708,0.00383,1
276,0,0.189,0.0,0.01241,1.0,0.0,342,2,0.0,1,20.0,27,0.09603,0,0.0124110671937,0,0.1318,5.03395,1.415,0.00362,1
276,0,0.094,0.0,0.01289,1.0,0.0,343,2,0.0,1,21.0,30,0.1007,0,0.0128853754941,0,0.14768,5.30643,1.399,0.00362,1
249,0,0.147,0.0,0.01483,1.0,0.0,313,2,0.0,1,18.0,25,0.11928,0,0.014833527659,0,0.12727,5.92725,1.466,0.00402,1
283,0,0.091,0.0,0.01205,1.0,0.0,339,2,0.0,1,24.0,33,0.08164,0,0.0120542315114,0,0.15972,4.99242,1.369,0.00353,1
237,0,-0.033,0.0,0.01498,1.0,0.0,280,2,0.0,1,34.0,47,0.06328,0,0.0149824787242,0,0.16746,5.37456,1.068,0.00422,1
211,0,0.116,0.0,0.0172,1.0,0.0,260,2,0.0,1,28.0,40,0.07545,0,0.0171970209885,0,0.21165,5.528,1.328,0.00474,1
259,0,0.219,0.0,0.01317,1.0,0.0,313,2,0.0,1,20.0,26,0.09646,0,0.0131693154949,0,0.11935,4.98696,1.382,0.00386,1
203,0,0.183,0.0,0.01775,1.0,0.0,246,2,0.0,1,31.0,41,0.06913,0,0.0177534994879,0,0.18176,5.48796,1.132,0.00493,1
244,0,0.204,0.0,0.0141,1.0,0.0,278,2,0.0,1,35.0,49,0.06434,0,0.0140997099103,0,0.1766,4.99955,1.157,0.0041,1
275,0,0.175,0.0,0.01306,1.0,0.0,342,2,0.0,1,19.0,29,0.10989,0,0.0130590577306,0,0.1471,5.36797,1.558,0.00364,1
228,0,0.227,0.0,0.01523,1.0,0.0,271,2,0.0,1,21.0,27,0.08984,0,0.0152252878893,0,0.19678,5.26987,1.239,0.00439,1
293,0,0.112,0.0,0.01164,1.0,0.0,356,2,0.0,1,19.0,24,0.09088,0,0.0116414979662,0,0.10367,4.89864,1.588,0.00341,1
240,0,0.143,0.0,0.01437,1.0,0.0,272,2,0.0,1,37.0,51,0.0523,0,0.0143654114365,0,0.18111,5.03864,1.271,0.00417,1
240,0,-0.024,0.0,0.01409,1.0,0.0,278,2,0.0,1,24.0,32,0.07592,0,0.0140864714086,0,0.12466,4.88029,1.235,0.00417,1
219,0,0.196,0.0,0.01609,1.0,0.0,266,2,0.0,1,18.0,27,0.11398,0,0.016086464748,0,0.13033,5.20545,1.482,0.00457,1
307,0,0.206,0.0,0.01135,1.0,0.0,383,2,0.0,1,19.0,27,0.10196,0,0.0113474271359,0,0.12861,5.18851,1.558,0.00326,1
173,0,0.33,0.0,0.02245,1.0,0.0,233,2,0.0,1,14.0,19,0.12765,0,0.022449253932,0,0.15793,6.59643,1.411,0.00578,1
262,0,0.112,0.0,0.01369,1.0,0.0,317,2,0.0,1,17.0,23,0.1084,0,0.0136878125823,0,0.17652,5.33283,1.362,0.00382,1
215,0,0.31,0.0,0.01691,1.0,0.0,267,2,0.0,1,32.0,42,0.06708,0,0.0169093675288,0,0.16025,5.60811,1.165,0.00465,1
236,0,0.18,0.0,0.01554,1.0,0.0,291,2,0.0,1,17.0,22,0.10328,0,0.0155427335016,0,0.13298,5.73917,1.508,0.00424,1
223,0,0.045,0.0,0.01584,1.0,0.0,260,2,0.0,1,24.0,29,0.07528,0,0.015836464267,0,0.15098,5.2164,1.275,0.00448,1
277,0,0.073,0.0,0.01237,1.0,0.0,332,2,0.0,1,23.0,31,0.08695,0,0.0123737770104,0,0.13991,5.00169,1.309,0.00361,1
254,0,0.157,0.0,0.01593,1.0,0.0,361,2,0.0,1,16.0,22,0.12301,0,0.0159347670474,0,0.17399,6.58842,1.662,0.00394,1
194,0,0.125,0.0,0.01987,1.0,0.0,255,2,0.0,1,14.0,18,0.132,0,0.019870733401,0,0.18487,7.08307,1.453,0.00515,1
252,0,0.088,0.0,0.01436,1.0,0.0,317,2,0.0,1,21.0,28,0.09753,0,0.0143552773035,0,0.12289,5.49531,1.348,0.00397,1
242,0,0.117,0.0,0.01416,1.0,0.0,288,2,0.0,1,28.0,38,0.08464,0,0.0141627516203,0,0.13177,5.06419,1.416,0.00413,1
206,0,0.101,0.0,0.01871,1.0,0.0,280,2,0.0,1,12.0,17,0.15393,0,0.0187070802747,0,0.16002,6.49711,1.654,0.00485,1
225,0,0.02,0.0,0.01667,1.0,0.0,277,2,0.0,1,20.0,26,0.09066,0,0.0166666666667,0,0.17807,5.95599,1.473,0.00444,1
224,0,0.025,0.0,0.01537,1.0,0.0,253,2,0.0,1,33.0,42,0.0628,0,0.0153747597694,0,0.20141,5.02724,1.026,0.00446,1
289,0,0.108,0.0,0.01161,1.0,0.0,327,2,0.0,1,33.0,46,0.06085,0,0.0116061130334,0,0.14535,4.78431,1.191,0.00346,1
239,0,0.108,0.0,0.01413,1.0,0.0,289,2,0.0,1,26.0,35,0.07337,0,0.0141345241025,0,0.14992,4.96311,1.34,0.00418,1
274,0,0.047,0.0,0.01257,1.0,0.0,323,2,0.0,1,28.0,36,0.06865,0,0.0125665089169,0,0.1583,5.03497,1.478,0.00365,1
206,0,0.182,0.0,0.01842,1.0,0.0,286,2,0.0,1,13.0,19,0.14015,0,0.0184229220933,0,0.11788,6.03369,1.577,0.00485,1
261,0,0.084,0.0,0.01329,1.0,0.0,317,2,0.0,1,21.0,26,0.08342,0,0.0132920719128,0,0.11744,5.11532,1.356,0.00383,1
230,0,0.09,0.0,0.0164,1.0,0.0,303,2,0.0,1,15.0,20,0.11954,0,0.0164040250617,0,0.21356,5.9618,1.407,0.00435,1
258,0,0.225,0.0,0.01279,1.0,0.0,295,2,0.0,1,28.0,41,0.08081,0,0.0127891895153,0,0.13497,4.71077,1.248,0.00388,1
280,0,0.183,0.0,0.01285,1.0,0.0,365,2,0.0,1,20.0,29,0.10499,0,0.0128520225294,0,0.15052,5.51988,1.629,0.00357,1
273,0,0.201,0.0,0.01349,1.0,0.0,359,2,0.0,1,16.0,22,0.12533,0,0.0134938590821,0,0.12857,5.85493,1.431,0.00366,1
210,0,0.139,0.0,0.01777,1.0,0.0,279,2,0.0,1,12.0,16,0.15067,0,0.0177717019822,0,0.16769,6.26807,1.588,0.00476,1
266,0,0.15,0.0,0.01407,1.0,0.0,359,2,0.0,1,17.0,23,0.11091,0,0.0140729181444,0,0.18549,6.06985,1.614,0.00376,1
270,0,0.15,0.0,0.0128,1.0,0.0,317,2,0.0,1,43.0,56,0.04773,0,0.0128046261875,0,0.16045,5.08639,1.168,0.0037,1
228,0,0.159,0.0,0.01685,1.0,0.0,312,2,0.0,1,14.0,21,0.13948,0,0.0168482881212,0,0.14938,5.99575,1.558,0.00439,1
261,0,0.203,0.0,0.01444,1.0,0.0,348,2,0.0,1,18.0,23,0.12096,0,0.0144414972001,0,0.15484,5.99509,1.708,0.00383,1
276,0,0.189,0.0,0.01241,1.0,0.0,342,2,0.0,1,20.0,27,0.09603,0,0.0124110671937,0,0.1318,5.03395,1.415,0.00362,1
276,0,0.094,0.0,0.01289,1.0,0.0,343,2,0.0,1,21.0,30,0.1007,0,0.0128853754941,0,0.14768,5.30643,1.399,0.00362,1
249,0,0.147,0.0,0.01483,1.0,0.0,313,2,0.0,1,18.0,25,0.11928,0,0.014833527659,0,0.12727,5.92725,1.466,0.00402,1
283,0,0.091,0.0,0.01205,1.0,0.0,339,2,0.0,1,24.0,33,0.08164,0,0.0120542315114,0,0.15972,4.99242,1.369,0.00353,1
237,0,-0.033,0.0,0.01498,1.0,0.0,280,2,0.0,1,34.0,47,0.06328,0,0.0149824787242,0,0.16746,5.37456,1.068,0.00422,1
211,0,0.116,0.0,0.0172,1.0,0.0,260,2,0.0,1,28.0,40,0.07545,0,0.0171970209885,0,0.21165,5.528,1.328,0.00474,1
259,0,0.219,0.0,0.01317,1.0,0.0,313,2,0.0,1,20.0,26,0.09646,0,0.0131693154949,0,0.11935,4.98696,1.382,0.00386,1
203,0,0.183,0.0,0.01775,1.0,0.0,246,2,0.0,1,31.0,41,0.06913,0,0.0177534994879,0,0.18176,5.48796,1.132,0.00493,1
244,0,0.204,0.0,0.0141,1.0,0.0,278,2,0.0,1,35.0,49,0.06434,0,0.0140997099103,0,0.1766,4.99955,1.157,0.0041,1
275,0,0.175,0.0,0.01306,1.0,0.0,342,2,0.0,1,19.0,29,0.10989,0,0.0130590577306,0,0.1471,5.36797,1.558,0.00364,1
228,0,0.227,0.0,0.01523,1.0,0.0,271,2,0.0,1,21.0,27,0.08984,0,0.0152252878893,0,0.19678,5.26987,1.239,0.00439,1
293,0,0.112,0.0,0.01164,1.0,0.0,356,2,0.0,1,19.0,24,0.09088,0,0.0116414979662,0,0.10367,4.89864,1.588,0.00341,1
240,0,0.143,0.0,0.01437,1.0,0.0,272,2,0.0,1,37.0,51,0.0523,0,0.0143654114365,0,0.18111,5.03864,1.271,0.00417,1
240,0,-0.024,0.0,0.01409,1.0,0.0,278,2,0.0,1,24.0,32,0.07592,0,0.0140864714086,0,0.12466,4.88029,1.235,0.00417,1
219,0,0.196,0.0,0.01609,1.0,0.0,266,2,0.0,1,18.0,27,0.11398,0,0.016086464748,0,0.13033,5.20545,1.482,0.00457,1
307,0,0.206,0.0,0.01135,1.0,0.0,383,2,0.0,1,19.0,27,0.10196,0,0.0113474271359,0,0.12861,5.18851,1.558,0.00326,1
173,0,0.33,0.0,0.02245,1.0,0.0,233,2,0.0,1,14.0,19,0.12765,0,0.022449253932,0,0.15793,6.59643,1.411,0.00578,1
262,0,0.112,0.0,0.01369,1.0,0.0,317,2,0.0,1,17.0,23,0.1084,0,0.0136878125823,0,0.17652,5.33283,1.362,0.00382,1
215,0,0.31,0.0,0.01691,1.0,0.0,267,2,0.0,1,32.0,42,0.06708,0,0.0169093675288,0,0.16025,5.60811,1.165,0.00465,1
236,0,0.18,0.0,0.01554,1.0,0.0,291,2,0.0,1,17.0,22,0.10328,0,0.0155427335016,0,0.13298,5.73917,1.508,0.00424,1
223,0,0.045,0.0,0.01584,1.0,0.0,260,2,0.0,1,24.0,29,0.07528,0,0.015836464267,0,0.15098,5.2164,1.275,0.00448,1
277,0,0.073,0.0,0.01237,1.0,0.0,332,2,0.0,1,23.0,31,0.08695,0,0.0123737770104,0,0.13991,5.00169,1.309,0.00361,1
254,0,0.157,0.0,0.01593,1.0,0.0,361,2,0.0,1,16.0,22,0.12301,0,0.0159347670474,0,0.17399,6.58842,1.662,0.00394,1
194,0,0.125,0.0,0.01987,1.0,0.0,255,2,0.0,1,14.0,18,0.132,0,0.019870733401,0,0.18487,7.08307,1.453,0.00515,1
252,0,0.088,0.0,0.01436,1.0,0.0,317,2,0.0,1,21.0,28,0.09753,0,0.0143552773035,0,0.12289,5.49531,1.348,0.00397,1
242,0,0.117,0.0,0.01416,1.0,0.0,288,2,0.0,1,28.0,38,0.08464,0,0.0141627516203,0,0.13177,5.06419,1.416,0.00413,1
206,0,0.101,0.0,0.01871,1.0,0.0,280,2,0.0,1,12.0,17,0.15393,0,0.0187070802747,0,0.16002,6.49711,1.654,0.00485,1
225,0,0.02,0.0,0.01667,1.0,0.0,277,2,0.0,1,20.0,26,0.09066,0,0.0166666666667,0,0.17807,5.95599,1.473,0.00444,1
224,0,0.025,0.0,0.01537,1.0,0.0,253,2,0.0,1,33.0,42,0.0628,0,0.0153747597694,0,0.20141,5.02724,1.026,0.00446,1
289,0,0.108,0.0,0.01161,1.0,0.0,327,2,0.0,1,33.0,46,0.06085,0,0.0116061130334,0,0.14535,4.78431,1.191,0.00346,1
239,0,0.108,0.0,0.01413,1.0,0.0,289,2,0.0,1,26.0,35,0.07337,0,0.0141345241025,0,0.14992,4.96311,1.34,0.00418,1
274,0,0.047,0.0,0.01257,1.0,0.0,323,2,0.0,1,28.0,36,0.06865,0,0.0125665089169,0,0.1583,5.03497,1.478,0.00365,1
206,0,0.182,0.0,0.01842,1.0,0.0,286,2,0.0,1,13.0,19,0.14015,0,0.0184229220933,0,0.11788,6.03369,1.577,0.00485,1
261,0,0.084,0.0,0.01329,1.0,0.0,317,2,0.0,1,21.0,26,0.08342,0,0.0132920719128,0,0.11744,5.11532,1.356,0.00383,1
230,0,0.09,0.0,0.0164,1.0,0.0,303,2,0.0,1,15.0,20,0.11954,0,0.0164040250617,0,0.21356,5.9618,1.407,0.00435,1
258,0,0.225,0.0,0.01279,1.0,0.0,295,2,0.0,1,28.0,41,0.08081,0,0.0127891895153,0,0.13497,4.71077,1.248,0.00388,1
280,0,0.183,0.0,0.01285,1.0,0.0,365,2,0.0,1,20.0,29,0.10499,0,0.0128520225294,0,0.15052,5.51988,1.629,0.00357,1
273,0,0.201,0.0,0.01349,1.0,0.0,359,2,0.0,1,16.0,22,0.12533,0,0.0134938590821,0,0.12857,5.85493,1.431,0.00366,1
210,0,0.139,0.0,0.01777,1.0,0.0,279,2,0.0,1,12.0,16,0.15067,0,0.0177717019822,0,0.16769,6.26807,1.588,0.00476,1
266,0,0.15,0.0,0.01407,1.0,0.0,359,2,0.0,1,17.0,23,0.11091,0,0.0140729181444,0,0.18549,6.06985,1.614,0.00376,1
270,0,0.15,0.0,0.0128,1.0,0.0,317,2,0.0,1,43.0,56,0.04773,0,0.0128046261875,0,0.16045,5.08639,1.168,0.0037,1
228,0,0.159,0.0,0.01685,1.0,0.0,312,2,0.0,1,14.0,21,0.13948,0,0.0168482881212,0,0.14938,5.99575,1.558,0.00439,1
261,0,0.203,0.0,0.01444,1.0,0.0,348,2,0.0,1,18.0,23,0.12096,0,0.0144414972001,0,0.15484,5.99509,1.708,0.00383,1
276,0,0.189,0.0,0.01241,1.0,0.0,342,2,0.0,1,20.0,27,0.09603,0,0.0124110671937,0,0.1318,5.03395,1.415,0.00362,1
276,0,0.094,0.0,0.01289,1.0,0.0,343,2,0.0,1,21.0,30,0.1007,0,0.0128853754941,0,0.14768,5.30643,1.399,0.00362,1
249,0,0.147,0.0,0.01483,1.0,0.0,313,2,0.0,1,18.0,25,0.11928,0,0.014833527659,0,0.12727,5.92725,1.466,0.00402,1
283,0,0.091,0.0,0.01205,1.0,0.0,339,2,0.0,1,24.0,33,0.08164,0,0.0120542315114,0,0.15972,4.99242,1.369,0.00353,1
237,0,-0.033,0.0,0.01498,1.0,0.0,280,2,0.0,1,34.0,47,0.06328,0,0.0149824787242,0,0.16746,5.37456,1.068,0.00422,1
211,0,0.116,0.0,0.0172,1.0,0.0,260,2,0.0,1,28.0,40,0.07545,0,0.0171970209885,0,0.21165,5.528,1.328,0.00474,1
259,0,0.219,0.0,0.01317,1.0,0.0,313,2,0.0,1,20.0,26,0.09646,0,0.0131693154949,0,0.11935,4.98696,1.382,0.00386,1
203,0,0.183,0.0,0.01775,1.0,0.0,246,2,0.0,1,31.0,41,0.06913,0,0.0177534994879,0,0.18176,5.48796,1.132,0.00493,1
244,0,0.204,0.0,0.0141,1.0,0.0,278,2,0.0,1,35.0,49,0.06434,0,0.0140997099103,0,0.1766,4.99955,1.157,0.0041,1
275,0,0.175,0.0,0.01306,1.0,0.0,342,2,0.0,1,19.0,29,0.10989,0,0.0130590577306,0,0.1471,5.36797,1.558,0.00364,1
228,0,0.227,0.0,0.01523,1.0,0.0,271,2,0.0,1,21.0,27,0.08984,0,0.0152252878893,0,0.19678,5.26987,1.239,0.00439,1
293,0,0.112,0.0,0.01164,1.0,0.0,356,2,0.0,1,19.0,24,0.09088,0,0.0116414979662,0,0.10367,4.89864,1.588,0.00341,1
240,0,0.143,0.0,0.01437,1.0,0.0,272,2,0.0,1,37.0,51,0.0523,0,0.0143654114365,0,0.18111,5.03864,1.271,0.00417,1
240,0,-0.024,0.0,0.01409,1.0,0.0,278,2,0.0,1,24.0,32,0.07592,0,0.0140864714086,0,0.12466,4.88029,1.235,0.00417,1
219,0,0.196,0.0,0.01609,1.0,0.0,266,2,0.0,1,18.0,27,0.11398,0,0.016086464748,0,0.13033,5.20545,1.482,0.00457,1
307,0,0.206,0.0,0.01135,1.0,0.0,383,2,0.0,1,19.0,27,0.10196,0,0.0113474271359,0,0.12861,5.18851,1.558,0.00326,1
173,0,0.33,0.0,0.02245,1.0,0.0,233,2,0.0,1,14.0,19,0.12765,0,0.022449253932,0,0.15793,6.59643,1.411,0.00578,1
262,0,0.112,0.0,0.01369,1.0,0.0,317,2,0.0,1,17.0,23,0.1084,0,0.0136878125823,0,0.17652,5.33283,1.362,0.00382,1
215,0,0.31,0.0,0.01691,1.0,0.0,267,2,0.0,1,32.0,42,0.06708,0,0.0169093675288,0,0.16025,5.60811,1.165,0.00465,1
236,0,0.18,0.0,0.01554,1.0,0.0,291,2,0.0,1,17.0,22,0.10328,0,0.0155427335016,0,0.13298,5.73917,1.508,0.00424,1
223,0,0.045,0.0,0.01584,1.0,0.0,260,2,0.0,1,24.0,29,0.07528,0,0.015836464267,0,0.15098,5.2164,1.275,0.00448,1
277,0,0.073,0.0,0.01237,1.0,0.0,332,2,0.0,1,23.0,31,0.08695,0,0.0123737770104,0,0.13991,5.00169,1.309,0.00361,1
254,0,0.157,0.0,0.01593,1.0,0.0,361,2,0.0,1,16.0,22,0.12301,0,0.0159347670474,0,0.17399,6.58842,1.662,0.00394,1
194,0,0.125,0.0,0.01987,1.0,0.0,255,2,0.0,1,14.0,18,0.132,0,0.019870733401,0,0.18487,7.08307,1.453,0.00515,1
252,0,0.088,0.0,0.01436,1.0,0.0,317,2,0.0,1,21.0,28,0.09753,0,0.0143552773035,0,0.12289,5.49531,1.348,0.00397,1
242,0,0.117,0.0,0.01416,1.0,0.0,288,2,0.0,1,28.0,38,0.08464,0,0.0141627516203,0,0.13177,5.06419,1.416,0.00413,1
206,0,0.101,0.0,0.01871,1.0,0.0,280,2,0.0,1,12.0,17,0.15393,0,0.0187070802747,0,0.16002,6.49711,1.654,0.00485,1
225,0,0.02,0.0,0.01667,1.0,0.0,277,2,0.0,1,20.0,26,0.09066,0,0.0166666666667,0,0.17807,5.95599,1.473,0.00444,1
224,0,0.025,0.0,0.01537,1.0,0.0,253,2,0.0,1,33.0,42,0.0628,0,0.0153747597694,0,0.20141,5.02724,1.026,0.00446,1
289,0,0.108,0.0,0.01161,1.0,0.0,327,2,0.0,1,33.0,46,0.06085,0,0.0116061130334,0,0.14535,4.78431,1.191,0.00346,1
239,0,0.108,0.0,0.01413,1.0,0.0,289,2,0.0,1,26.0,35,0.07337,0,0.0141345241025,0,0.14992,4.96311,1.34,0.00418,1
274,0,0.047,0.0,0.01257,1.0,0.0,323,2,0.0,1,28.0,36,0.06865,0,0.0125665089169,0,0.1583,5.03497,1.478,0.00365,1
206,0,0.182,0.0,0.01842,1.0,0.0,286,2,0.0,1,13.0,19,0.14015,0,0.0184229220933,0,0.11788,6.03369,1.577,0.00485,1
261,0,0.084,0.0,0.01329,1.0,0.0,317,2,0.0,1,21.0,26,0.08342,0,0.0132920719128,0,0.11744,5.11532,1.356,0.00383,1
230,0,0.09,0.0,0.0164,1.0,0.0,303,2,0.0,1,15.0,20,0.11954,0,0.0164040250617,0,0.21356,5.9618,1.407,0.00435,1
258,0,0.225,0.0,0.01279,1.0,0.0,295,2,0.0,1,28.0,41,0.08081,0,0.0127891895153,0,0.13497,4.71077,1.248,0.00388,1
280,0,0.183,0.0,0.01285,1.0,0.0,365,2,0.0,1,20.0,29,0.10499,0,0.0128520225294,0,0.15052,5.51988,1.629,0.00357,1
273,0,0.201,0.0,0.01349,1.0,0.0,359,2,0.0,1,16.0,22,0.12533,0,0.0134938590821,0,0.12857,5.85493,1.431,0.00366,1
210,0,0.139,0.0,0.01777,1.0,0.0,279,2,0.0,1,12.0,16,0.15067,0,0.0177717019822,0,0.16769,6.26807,1.588,0.00476,1
266,0,0.15,0.0,0.01407,1.0,0.0,359,2,0.0,1,17.0,23,0.11091,0,0.0140729181444,0,0.18549,6.06985,1.614,0.00376,1
270,0,0.15,0.0,0.0128,1.0,0.0,317,2,0.0,1,43.0,56,0.04773,0,0.0128046261875,0,0.16045,5.08639,1.168,0.0037,1
228,0,0.159,0.0,0.01685,1.0,0.0,312,2,0.0,1,14.0,21,0.13948,0,0.0168482881212,0,0.14938,5.99575,1.558,0.00439,1
261,0,0.203,0.0,0.01444,1.0,0.0,348,2,0.0,1,18.0,23,0.12096,0,0.0144414972001,0,0.15484,5.99509,1.708,0.00383,1
276,0,0.189,0.0,0.01241,1.0,0.0,342,2,0.0,1,20.0,27,0.09603,0,0.0124110671937,0,0.1318,5.03395,1.415,0.00362,1
276,0,0.094,0.0,0.01289,1.0,0.0,343,2,0.0,1,21.0,30,0.1007,0,0.0128853754941,0,0.14768,5.30643,1.399,0.00362,1
249,0,0.147,0.0,0.01483,1.0,0.0,313,2,0.0,1,18.0,25,0.11928,0,0.014833527659,0,0.12727,5.92725,1.466,0.00402,1
283,0,0.091,0.0,0.01205,1.0,0.0,339,2,0.0,1,24.0,33,0.08164,0,0.0120542315114,0,0.15972,4.99242,1.369,0.00353,1
237,0,-0.033,0.0,0.01498,1.0,0.0,280,2,0.0,1,34.0,47,0.06328,0,0.0149824787242,0,0.16746,5.37456,1.068,0.00422,1
211,0,0.116,0.0,0.0172,1.0,0.0,260,2,0.0,1,28.0,40,0.07545,0,0.0171970209885,0,0.21165,5.528,1.328,0.00474,1
259,0,0.219,0.0,0.01317,1.0,0.0,313,2,0.0,1,20.0,26,0.09646,0,0.0131693154949,0,0.11935,4.98696,1.382,0.00386,1
203,0,0.183,0.0,0.01775,1.0,0.0,246,2,0.0,1,31.0,41,0.06913,0,0.0177534994879,0,0.18176,5.48796,1.132,0.00493,1
244,0,0.204,0.0,0.0141,1.0,0.0,278,2,0.0,1,35.0,49,0.06434,0,0.0140997099103,0,0.1766,4.99955,1.157,0.0041,1
275,0,0.175,0.0,0.01306,1.0,0.0,342,2,0.0,1,19.0,29,0.10989,0,0.0130590577306,0,0.1471,5.36797,1.558,0.00364,1
228,0,0.227,0.0,0.01523,1.0,0.0,271,2,0.0,1,21.0,27,0.08984,0,0.0152252878893,0,0.19678,5.26987,1.239,0.00439,1
293,0,0.112,0.0,0.01164,1.0,0.0,356,2,0.0,1,19.0,24,0.09088,0,0.0116414979662,0,0.10367,4.89864,1.588,0.00341,1
240,0,0.143,0.0,0.01437,1.0,0.0,272,2,0.0,1,37.0,51,0.0523,0,0.0143654114365,0,0.18111,5.03864,1.271,0.00417,1
240,0,-0.024,0.0,0.01409,1.0,0.0,278,2,0.0,1,24.0,32,0.07592,0,0.0140864714086,0,0.12466,4.88029,1.235,0.00417,1
219,0,0.196,0.0,0.01609,1.0,0.0,266,2,0.0,1,18.0,27,0.11398,0,0.016086464748,0,0.13033,5.20545,1.482,0.00457,1
307,0,0.206,0.0,0.01135,1.0,0.0,383,2,0.0,1,19.0,27,0.10196,0,0.0113474271359,0,0.12861,5.18851,1.558,0.00326,1
173,0,0.33,0.0,0.02245,1.0,0.0,233,2,0.0,1,14.0,19,0.12765,0,0.022449253932,0,0.15793,6.59643,1.411,0.00578,1
