0.924303635977,1
0.902381965121,2
0.860089304699,3
0.921522756274,4
0.919625770785,5
0.886856656742,6
0.930455125479,7
0.882815823054,8
0.795618885581,9
0.918119948958,10
0.916843896214,11
0.928115695449,12
0.825180774139,13
0.888770735857,14
0.892173543173,15
0.911527009783,16
0.935147778014,17
0.880263717567,18
0.921735431731,19
0.864100382816,20
0.922389963853,21
0.941314054859,22
0.926414291791,23
0.917286838188,24
0.665461505742,25
0.917269247129,26
0.917907273501,27
0.911952360698,28
0.922373458103,29
0.927705719753,30
0.879226025941,31
0.807316035729,32
0.906442696151,33
0.493194385368,34
0.925154156921,35
0.925563589962,36
0.914717141642,37
0.747554232242,38
0.905997447895,39
0.917269247129,40
0.805827307529,41
0.926626967248,42
0.926626967248,43
0.902381965121,44
0.731660642143,45
0.689068481497,46
0.924074861761,47
0.944066354743,48
0.798851796725,49
0.896639727775,50
