0.953394123607,1
0.932658227848,2
0.978227848101,3
0.948860759494,4
0.964539007092,5
0.95896656535,6
0.966058763931,7
0.967071935157,8
0.963019250253,9
0.951367781155,10
0.972658227848,11
0.963525835866,12
0.962006079027,13
0.968085106383,14
0.939716312057,15
0.959473150963,16
0.966565349544,17
0.83789260385,18
0.966058763931,19
0.904761904762,20
0.958987341772,21
0.956433637285,22
0.961499493414,23
0.964032421479,24
0.916919959473,25
0.838905775076,26
0.959473150963,27
0.956433637285,28
0.864235055724,29
0.895136778116,30
0.964539007092,31
0.901215805471,32
0.942755825735,33
0.963019250253,34
0.90273556231,35
0.959979736575,36
0.813576494428,37
0.960486322188,38
0.968085106383,39
0.959473150963,40
0.950861195542,41
0.95896656535,42
0.885005065856,43
0.960486322188,44
0.919959473151,45
0.964032421479,46
0.971631205674,47
0.959979736575,48
0.951898734177,49
0.96251266464,50
0.974670719352,51
0.96757852077,52
0.96253164557,53
0.949848024316,54
0.931610942249,55
0.965045592705,56
0.961499493414,57
0.963525835866,58
0.965045592705,59
0.966582278481,60
0.964556962025,61
0.963019250253,62
0.933637284701,63
0.966058763931,64
0.896149949341,65
0.974164133739,66
0.96757852077,67
0.945288753799,68
0.964539007092,69
0.954913880446,70
0.965569620253,71
0.963037974684,72
0.955420466059,73
0.965045592705,74
0.964050632911,75
0.964050632911,76
0.937183383992,77
0.96251266464,78
0.957446808511,79
0.969098277609,80
0.938703140831,81
0.826329113924,82
0.965552178318,83
0.9726443769,84
0.966565349544,85
0.928571428571,86
0.95896656535,87
0.963525835866,88
0.866767983789,89
0.966075949367,90
0.932624113475,91
0.973164556962,92
0.964032421479,93
0.965552178318,94
0.963019250253,95
0.947315096251,96
0.964032421479,97
0.953417721519,98
0.914893617021,99
0.973657548126,100
0.930597771023,101
0.965045592705,102
0.889620253165,103
0.963019250253,104
0.96757852077,105
0.879939209726,106
0.963525835866,107
0.963525835866,108
0.551671732523,109
0.971124620061,110
0.968085106383,111
0.966582278481,112
0.943797468354,113
0.957953394124,114
0.965045592705,115
0.963019250253,116
0.965552178318,117
0.949873417722,118
0.89417721519,119
0.963525835866,120
0.964032421479,121
0.963525835866,122
0.964032421479,123
0.769503546099,124
0.418439716312,125
0.965045592705,126
0.936676798379,127
0.89412360689,128
0.968101265823,129
0.963019250253,130
0.962025316456,131
0.9726443769,132
0.975177304965,133
0.96757852077,134
0.950861195542,135
0.964539007092,136
0.960992907801,137
0.966058763931,138
0.906281661601,139
0.962006079027,140
0.966565349544,141
0.949848024316,142
0.970618034448,143
0.970632911392,144
0.96251266464,145
0.916455696203,146
0.968591691996,147
0.901215805471,148
0.964032421479,149
0.960486322188,150
0.964539007092,151
0.963525835866,152
0.9726443769,153
0.964050632911,154
0.956433637285,155
0.966058763931,156
0.960992907801,157
0.82928064843,158
0.954913880446,159
0.964539007092,160
0.884498480243,161
0.947315096251,162
0.963525835866,163
0.964032421479,164
0.94883485309,165
0.965552178318,166
0.908814589666,167
0.966582278481,168
0.961499493414,169
0.957446808511,170
0.963019250253,171
0.762917933131,172
0.965552178318,173
0.966058763931,174
0.967071935157,175
0.969604863222,176
0.96251266464,177
0.9726443769,178
0.947821681864,179
0.964539007092,180
0.963019250253,181
0.962025316456,182
0.964032421479,183
0.966565349544,184
0.47619047619,185
0.963019250253,186
0.571139240506,187
0.964032421479,188
0.919452887538,189
0.947821681864,190
0.964032421479,191
0.870820668693,192
0.964032421479,193
0.973150962513,194
0.964539007092,195
0.932624113475,196
0.96251266464,197
0.958459979737,198
0.966565349544,199
0.922998986829,200
0.947848101266,201
0.966058763931,202
0.936170212766,203
0.794936708861,204
0.858227848101,205
0.899696048632,206
0.968085106383,207
0.954430379747,208
0.903748733536,209
0.965045592705,210
0.915400202634,211
0.616202531646,212
0.977721518987,213
0.959473150963,214
0.964032421479,215
0.964032421479,216
0.947848101266,217
0.8242147923,218
0.939746835443,219
0.927594936709,220
0.96251266464,221
0.94883485309,222
0.904255319149,223
0.836879432624,224
0.945795339412,225
0.850557244174,226
0.967594936709,227
0.939209726444,228
0.795339412361,229
0.946301925025,230
0.965552178318,231
0.932117527862,232
0.963525835866,233
0.961499493414,234
0.950354609929,235
0.968607594937,236
0.963525835866,237
0.945795339412,238
0.966565349544,239
0.867341772152,240
0.937183383992,241
0.949873417722,242
0.9726443769,243
0.634245187437,244
0.963525835866,245
0.962006079027,246
0.909321175279,247
0.964032421479,248
0.964556962025,249
0.964539007092,250
0.962006079027,251
0.96757852077,252
0.923505572442,253
0.932624113475,254
0.902228976697,255
0.971124620061,256
0.960486322188,257
0.968101265823,258
0.964032421479,259
0.973150962513,260
0.899189463019,261
0.913924050633,262
0.96251266464,263
0.947821681864,264
0.966582278481,265
0.972137791287,266
0.933130699088,267
0.963037974684,268
0.96253164557,269
0.960992907801,270
0.966058763931,271
0.910379746835,272
0.963525835866,273
0.959473150963,274
0.898176291793,275
0.687943262411,276
0.963525835866,277
0.965045592705,278
0.824721377913,279
0.89766970618,280
0.962025316456,281
0.960486322188,282
0.964539007092,283
0.961499493414,284
0.964032421479,285
0.967071935157,286
0.961499493414,287
0.959979736575,288
0.965045592705,289
0.908860759494,290
0.96757852077,291
0.966565349544,292
0.927558257345,293
0.945288753799,294
0.963037974684,295
0.951874366768,296
0.926038500507,297
0.918987341772,298
0.962006079027,299
0.917974683544,300
