0.965317919075,1
0.937439846006,2
0.957610789981,3
0.915221579961,4
0.904716073147,5
0.938342967245,6
0.962463907603,7
0.90655105973,8
0.947013487476,9
0.957610789981,10
0.945139557267,11
0.943159922929,12
0.958574181118,13
0.946050096339,14
0.928709055877,15
0.926782273603,16
0.943159922929,17
0.902697495183,18
0.950867052023,19
0.920038535645,20
0.934489402697,21
0.913294797688,22
0.95183044316,23
0.942196531792,24
0.868015414258,25
0.824662813102,26
0.957610789981,27
0.921965317919,28
0.884393063584,29
0.941233140655,30
0.943159922929,31
0.923892100193,32
0.945086705202,33
0.953757225434,34
0.946050096339,35
0.90760346487,36
0.95472061657,37
0.947976878613,38
0.915221579961,39
0.918190567854,40
0.947013487476,41
0.921965317919,42
0.95183044316,43
0.937379576108,44
0.95472061657,45
0.923002887392,46
0.937379576108,47
0.943159922929,48
0.707129094412,49
0.940269749518,50
0.931599229287,51
0.961464354528,52
0.777456647399,53
0.945139557267,54
0.842967244701,55
0.95183044316,56
0.95183044316,57
0.950867052023,58
0.963391136802,59
0.859344894027,60
0.948026948989,61
0.949903660886,62
0.959537572254,63
0.824662813102,64
0.893063583815,65
0.938342967245,66
0.940269749518,67
0.941233140655,68
0.934489402697,69
0.926782273603,70
0.940269749518,71
0.912331406551,72
0.755298651252,73
0.492292870906,74
0.953757225434,75
0.940327237729,76
0.946050096339,77
0.919075144509,78
0.829479768786,79
0.943159922929,80
0.905587668593,81
0.947976878613,82
0.95472061657,83
0.938402309913,84
0.947013487476,85
0.941233140655,86
0.95183044316,87
0.921965317919,88
0.937379576108,89
0.942252165544,90
0.945086705202,91
0.944177093359,92
0.95472061657,93
0.955684007707,94
0.947064485082,95
0.944123314066,96
0.931599229287,97
0.748554913295,98
0.953757225434,99
0.950914340712,100
0.888246628131,101
0.895953757225,102
0.935514918191,103
0.786333012512,104
0.693641618497,105
0.945139557267,106
0.894026974952,107
0.887283236994,108
0.937379576108,109
0.948989412897,110
0.827552986513,111
0.922928709056,112
0.926782273603,113
0.924855491329,114
0.937379576108,115
0.911368015414,116
0.961464354528,117
0.938342967245,118
0.908565928778,119
0.894026974952,120
0.944123314066,121
0.938342967245,122
0.941233140655,123
0.90655105973,124
0.93063583815,125
0.949903660886,126
0.94894026975,127
0.944123314066,128
0.943159922929,129
0.938342967245,130
0.862235067437,131
0.947064485082,132
0.929672447013,133
0.884393063584,134
0.458574181118,135
0.949903660886,136
0.946050096339,137
0.938342967245,138
0.932562620424,139
0.962427745665,140
0.941233140655,141
0.942196531792,142
0.957651588065,143
0.934489402697,144
0.885356454721,145
0.946050096339,146
0.932562620424,147
0.95183044316,148
0.950867052023,149
0.947976878613,150
0.919075144509,151
0.890173410405,152
0.942252165544,153
0.953757225434,154
0.949903660886,155
0.950867052023,156
0.935514918191,157
0.953757225434,158
0.886429258903,159
0.959537572254,160
0.857418111753,161
0.949903660886,162
0.95183044316,163
0.935452793834,164
0.943159922929,165
0.929672447013,166
0.932562620424,167
0.938342967245,168
0.94894026975,169
0.958574181118,170
0.901734104046,171
0.950867052023,172
0.937379576108,173
0.960500963391,174
0.952793834297,175
0.944177093359,176
0.945086705202,177
0.933589990375,178
0.936416184971,179
0.94894026975,180
0.934489402697,181
0.925818882466,182
0.925818882466,183
0.884393063584,184
0.764196342637,185
0.959537572254,186
0.912331406551,187
0.904716073147,188
0.950867052023,189
0.95183044316,190
0.835260115607,191
0.947976878613,192
0.920038535645,193
0.915303176131,194
0.921965317919,195
0.937379576108,196
0.922928709056,197
0.911368015414,198
0.941233140655,199
0.956647398844,200
0.944123314066,201
0.691714836224,202
0.92781520693,203
0.949951876805,204
0.95183044316,205
0.947013487476,206
0.95187680462,207
0.957610789981,208
0.85948026949,209
0.947013487476,210
0.943214629451,211
0.942196531792,212
0.934489402697,213
0.909441233141,214
0.943159922929,215
0.970134874759,216
0.934489402697,217
0.729287090559,218
0.933526011561,219
0.945086705202,220
0.949903660886,221
0.837186897881,222
0.949903660886,223
0.947976878613,224
0.919153031761,225
0.959537572254,226
0.939306358382,227
0.945139557267,228
0.926782273603,229
0.931599229287,230
0.947013487476,231
0.946050096339,232
0.950914340712,233
0.923892100193,234
0.953757225434,235
0.932627526468,236
0.904624277457,237
0.935452793834,238
0.934489402697,239
0.947013487476,240
0.939306358382,241
0.929672447013,242
0.940327237729,243
0.85549132948,244
0.915221579961,245
0.946102021174,246
0.947013487476,247
0.937379576108,248
0.947013487476,249
0.938342967245,250
0.847930702599,251
0.946050096339,252
0.950867052023,253
0.946050096339,254
0.932562620424,255
0.925818882466,256
0.950914340712,257
0.960500963391,258
0.938342967245,259
0.942252165544,260
0.907514450867,261
0.933526011561,262
0.867052023121,263
0.95183044316,264
0.943159922929,265
0.92781520693,266
0.934489402697,267
0.94894026975,268
0.944123314066,269
0.95187680462,270
0.772639691715,271
0.877767083734,272
0.937379576108,273
0.93166506256,274
0.955684007707,275
0.602119460501,276
0.961464354528,277
0.953757225434,278
0.907514450867,279
0.938402309913,280
0.948026948989,281
0.921001926782,282
0.947013487476,283
0.894026974952,284
0.958574181118,285
0.950914340712,286
0.939306358382,287
0.904624277457,288
0.95187680462,289
0.95183044316,290
0.948026948989,291
0.956647398844,292
0.960500963391,293
0.961464354528,294
0.914258188825,295
0.958574181118,296
0.938342967245,297
0.918111753372,298
0.891136801541,299
0.941233140655,300
