0.862721893491,1
0.872113676732,2
0.843102427472,3
0.8342214328,4
0.876850207223,5
0.872705743043,6
0.880994671403,7
0.881656804734,8
0.873297809355,9
0.86737714624,10
0.840142095915,11
0.869230769231,12
0.86323268206,13
0.876258140912,14
0.872705743043,15
0.864416814683,16
0.858496151569,17
0.85079928952,18
0.811130846655,19
0.873372781065,20
0.703966844287,21
0.873889875666,22
0.849023090586,23
0.693901716992,24
0.860355029586,25
0.869822485207,26
0.636471284784,27
0.88395500296,28
0.864416814683,29
0.878034339846,30
0.858496151569,31
0.887507400829,32
0.873297809355,33
0.777383066903,34
0.878626406157,35
0.59325044405,36
0.8756660746,37
0.782711663706,38
0.876850207223,39
0.866193013618,40
0.87981053878,41
0.878034339846,42
0.870929544109,43
0.324452338662,44
0.483718176436,45
0.865600947306,46
0.847838957963,47
0.873889875666,48
0.852575488455,49
0.796329188869,50
0.872781065089,51
0.872113676732,52
0.872705743043,53
0.84201183432,54
0.867969212552,55
0.833629366489,56
0.874481941978,57
0.83007696862,58
0.869153345175,59
0.850207223209,60
0.866272189349,61
0.825340438129,62
0.859680284192,63
0.877514792899,64
0.865008880995,65
0.869153345175,66
0.833629366489,67
0.883362936649,68
0.791124260355,69
0.825340438129,70
0.865008880995,71
0.827708703375,72
0.882178804026,73
0.628774422735,74
0.886915334517,75
0.859171597633,76
0.771462403789,77
0.8756660746,78
0.870414201183,79
0.849615156898,80
0.877442273535,81
0.840236686391,82
0.869153345175,83
0.866785079929,84
0.791592658378,85
0.883431952663,86
0.708111308467,87
0.888691533452,88
0.874481941978,89
0.87100591716,90
0.837773830669,91
0.853167554766,92
0.872705743043,93
0.880402605092,94
0.867969212552,95
0.873889875666,96
0.855535820012,97
0.743043220841,98
0.883362936649,99
0.87152161042,100
