0.923002887392,1
0.946050096339,2
0.95183044316,3
0.95183044316,4
0.910404624277,5
0.945086705202,6
0.941233140655,7
0.947976878613,8
0.917148362235,9
0.939306358382,10
0.376685934489,11
0.945139557267,12
0.943214629451,13
0.929672447013,14
0.929672447013,15
0.947976878613,16
0.908477842004,17
0.950867052023,18
0.912331406551,19
0.959576515881,20
0.934489402697,21
0.935452793834,22
0.944177093359,23
0.897016361886,24
0.941233140655,25
0.971098265896,26
0.939306358382,27
0.958574181118,28
0.918190567854,29
0.950867052023,30
0.961464354528,31
0.905678537055,32
0.894026974952,33
0.939364773821,34
0.956647398844,35
0.88246628131,36
0.899807321773,37
0.909441233141,38
0.928709055877,39
0.944123314066,40
0.899807321773,41
0.960538979788,42
0.947976878613,43
0.949951876805,44
0.961464354528,45
0.911368015414,46
0.813102119461,47
0.952793834297,48
0.957610789981,49
0.952793834297,50
0.955684007707,51
0.928709055877,52
0.943159922929,53
0.950867052023,54
0.947976878613,55
0.954764196343,56
0.948026948989,57
0.894026974952,58
0.943214629451,59
0.943214629451,60
0.945086705202,61
0.943159922929,62
0.931599229287,63
0.960500963391,64
0.942252165544,65
0.926782273603,66
0.936477382098,67
0.952793834297,68
0.914258188825,69
0.953757225434,70
0.94894026975,71
0.932562620424,72
0.945139557267,73
0.90366088632,74
0.938342967245,75
0.919075144509,76
0.95472061657,77
0.938402309913,78
0.947013487476,79
0.928709055877,80
0.935452793834,81
0.952793834297,82
0.926782273603,83
0.949903660886,84
0.962463907603,85
0.940269749518,86
0.950867052023,87
0.934489402697,88
0.964354527938,89
0.957610789981,90
0.85549132948,91
0.953757225434,92
0.809248554913,93
0.93166506256,94
0.947013487476,95
0.940269749518,96
0.728323699422,97
0.940269749518,98
0.939306358382,99
0.923002887392,100
