0.943159922929,1
0.925890279115,2
0.94894026975,3
0.960500963391,4
0.912415784408,5
0.947013487476,6
0.914340712223,7
0.928709055877,8
0.958574181118,9
0.471098265896,10
0.944177093359,11
0.939306358382,12
0.955684007707,13
0.942196531792,14
0.918111753372,15
0.92774566474,16
0.941233140655,17
0.901734104046,18
0.965317919075,19
0.938342967245,20
0.943159922929,21
0.918111753372,22
0.95183044316,23
0.946050096339,24
0.963391136802,25
0.947013487476,26
0.947013487476,27
0.933526011561,28
0.956647398844,29
0.947013487476,30
0.956647398844,31
0.936416184971,32
0.950867052023,33
0.949903660886,34
0.943159922929,35
0.897016361886,36
0.897880539499,37
0.894990366089,38
0.926782273603,39
0.947064485082,40
0.936416184971,41
0.917148362235,42
0.943159922929,43
0.941233140655,44
0.894990366089,45
0.933589990375,46
0.909441233141,47
0.960500963391,48
0.895953757225,49
0.945086705202,50
0.955684007707,51
0.966281310212,52
0.952793834297,53
0.937439846006,54
0.924855491329,55
0.95472061657,56
0.953757225434,57
0.952793834297,58
0.947013487476,59
0.922928709056,60
0.957651588065,61
0.95472061657,62
0.928709055877,63
0.940269749518,64
0.949903660886,65
0.932562620424,66
0.941233140655,67
0.950867052023,68
0.931599229287,69
0.874759152216,70
0.848747591522,71
0.907514450867,72
0.944123314066,73
0.908477842004,74
0.934489402697,75
0.92781520693,76
0.933526011561,77
0.926782273603,78
0.953757225434,79
0.942196531792,80
0.894990366089,81
0.956647398844,82
0.917148362235,83
0.954764196343,84
0.947976878613,85
0.947013487476,86
0.945086705202,87
0.962427745665,88
0.94894026975,89
0.949951876805,90
0.884393063584,91
0.960538979788,92
0.94894026975,93
0.953757225434,94
0.954764196343,95
0.942196531792,96
0.905587668593,97
0.95472061657,98
0.935452793834,99
0.892204042348,100
0.918111753372,101
0.944123314066,102
0.92781520693,103
0.90375360924,104
0.941233140655,105
0.926852743022,106
0.901734104046,107
0.717726396917,108
0.939306358382,109
0.933589990375,110
0.924855491329,111
0.92774566474,112
0.924855491329,113
0.947013487476,114
0.956647398844,115
0.916184971098,116
0.946050096339,117
0.95183044316,118
0.93166506256,119
0.946050096339,120
0.949903660886,121
0.946050096339,122
0.940269749518,123
0.935452793834,124
0.970134874759,125
0.861271676301,126
0.838150289017,127
0.952793834297,128
0.95472061657,129
0.952793834297,130
0.723506743738,131
0.960538979788,132
0.964354527938,133
0.907514450867,134
0.946050096339,135
0.853564547206,136
0.947976878613,137
0.865125240848,138
0.933526011561,139
0.942196531792,140
0.939306358382,141
0.804431599229,142
0.946102021174,143
0.94894026975,144
0.949903660886,145
0.853564547206,146
0.918111753372,147
0.947013487476,148
0.918111753372,149
0.946050096339,150
0.931599229287,151
0.90366088632,152
0.946102021174,153
0.910404624277,154
0.958574181118,155
0.560693641618,156
0.942252165544,157
0.950867052023,158
0.920115495669,159
0.93063583815,160
0.730250481696,161
0.947976878613,162
0.946050096339,163
0.945086705202,164
0.868015414258,165
0.942196531792,166
0.946050096339,167
0.642581888247,168
0.946050096339,169
0.957610789981,170
0.90366088632,171
0.833333333333,172
0.90366088632,173
0.863198458574,174
0.95472061657,175
0.948989412897,176
0.95472061657,177
0.926852743022,178
0.933526011561,179
0.940269749518,180
0.881502890173,181
0.941233140655,182
0.923892100193,183
0.95183044316,184
0.93166506256,185
0.945086705202,186
0.895953757225,187
0.961501443696,188
0.962427745665,189
0.939306358382,190
0.955684007707,191
0.943159922929,192
0.675337186898,193
0.880654475457,194
0.856454720617,195
0.883429672447,196
0.912331406551,197
0.949903660886,198
0.845857418112,199
0.90655105973,200
0.94894026975,201
0.956647398844,202
0.950914340712,203
0.952839268527,204
0.94894026975,205
0.958574181118,206
0.957651588065,207
0.936416184971,208
0.933589990375,209
0.914258188825,210
0.950914340712,211
0.94894026975,212
0.940269749518,213
0.953757225434,214
0.950867052023,215
0.95183044316,216
0.915221579961,217
0.960500963391,218
0.956647398844,219
0.922928709056,220
0.947976878613,221
0.842967244701,222
0.95183044316,223
0.938342967245,224
0.947064485082,225
0.95183044316,226
0.938342967245,227
0.943214629451,228
0.934489402697,229
0.934489402697,230
0.952793834297,231
0.852601156069,232
0.946102021174,233
0.901734104046,234
0.949903660886,235
0.941289701636,236
0.937379576108,237
0.947976878613,238
0.941233140655,239
0.963391136802,240
0.959537572254,241
0.938342967245,242
0.935514918191,243
0.95472061657,244
0.934489402697,245
0.943214629451,246
0.878612716763,247
0.959537572254,248
0.894026974952,249
0.917148362235,250
0.954764196343,251
0.944123314066,252
0.952793834297,253
0.949903660886,254
0.931599229287,255
0.945086705202,256
0.947064485082,257
0.953757225434,258
0.944123314066,259
0.95187680462,260
0.934489402697,261
0.94894026975,262
0.95183044316,263
0.955684007707,264
0.950867052023,265
0.946102021174,266
0.92774566474,267
0.941233140655,268
0.942196531792,269
0.949951876805,270
0.866088631985,271
0.915303176131,272
0.914258188825,273
0.935514918191,274
0.891136801541,275
0.944123314066,276
0.956647398844,277
0.946050096339,278
0.887283236994,279
0.948989412897,280
0.929740134745,281
0.889210019268,282
0.916184971098,283
0.932562620424,284
0.942196531792,285
0.917228103946,286
0.952793834297,287
0.937379576108,288
0.916265640038,289
0.920038535645,290
0.956689124158,291
0.95183044316,292
0.945086705202,293
0.856454720617,294
0.925818882466,295
0.953757225434,296
0.960500963391,297
0.90655105973,298
0.92774566474,299
0.921001926782,300
