0.905268490375,1
0.89417721519,2
0.953924050633,3
0.969620253165,4
0.823201621074,5
0.795845997974,6
0.959473150963,7
0.964032421479,8
0.965552178318,9
0.949341438703,10
0.966582278481,11
0.963019250253,12
0.95896656535,13
0.968591691996,14
0.965045592705,15
0.947821681864,16
0.964032421479,17
0.947315096251,18
0.882472137791,19
0.963019250253,20
0.956455696203,21
0.937689969605,22
0.965552178318,23
0.960992907801,24
0.966058763931,25
0.935663627153,26
0.971124620061,27
0.962006079027,28
0.940729483283,29
0.937183383992,30
0.90273556231,31
0.96757852077,32
0.963019250253,33
0.869300911854,34
0.960992907801,35
0.936676798379,36
0.956940222898,37
0.965552178318,38
0.975177304965,39
0.960992907801,40
0.960992907801,41
0.966565349544,42
0.972137791287,43
0.957953394124,44
0.961499493414,45
0.964539007092,46
0.967071935157,47
0.914893617021,48
0.965063291139,49
0.890577507599,50
0.96251266464,51
0.933130699088,52
0.961518987342,53
0.965045592705,54
0.955927051672,55
0.961499493414,56
0.967071935157,57
0.949341438703,58
0.967071935157,59
0.963544303797,60
0.954936708861,61
0.967071935157,62
0.878926038501,63
0.597771023303,64
0.963525835866,65
0.968591691996,66
0.956940222898,67
0.970111448835,68
0.96251266464,69
0.934650455927,70
0.964050632911,71
0.976202531646,72
0.966058763931,73
0.96757852077,74
0.956455696203,75
0.962025316456,76
0.736575481256,77
0.967071935157,78
0.957446808511,79
0.95390070922,80
0.96251266464,81
0.961518987342,82
0.873860182371,83
0.927558257345,84
0.968085106383,85
0.971124620061,86
0.95390070922,87
0.954913880446,88
0.961499493414,89
0.962025316456,90
0.944782168186,91
0.965063291139,92
0.959473150963,93
0.960992907801,94
0.883485309017,95
0.969604863222,96
0.964539007092,97
0.953417721519,98
0.959979736575,99
0.959473150963,100
0.964539007092,101
0.934143870314,102
0.92,103
0.648936170213,104
0.868287740628,105
0.946808510638,106
0.964539007092,107
0.966565349544,108
0.973657548126,109
0.927558257345,110
0.767477203647,111
0.964050632911,112
0.961518987342,113
0.974164133739,114
0.961499493414,115
0.966058763931,116
0.96757852077,117
0.886075949367,118
0.96,119
0.958459979737,120
0.974164133739,121
0.965552178318,122
0.910840932118,123
0.96251266464,124
0.965552178318,125
0.964032421479,126
0.970618034448,127
0.962006079027,128
0.958987341772,129
0.915906788247,130
0.73164556962,131
0.965552178318,132
0.879939209726,133
0.966058763931,134
0.649442755826,135
0.963019250253,136
0.968085106383,137
0.964539007092,138
0.96757852077,139
0.952887537994,140
0.955420466059,141
0.96757852077,142
0.9726443769,143
0.916962025316,144
0.965552178318,145
0.891139240506,146
0.962006079027,147
0.966058763931,148
0.963525835866,149
0.952887537994,150
0.960486322188,151
0.96251266464,152
0.937183383992,153
0.944303797468,154
0.951874366768,155
0.933637284701,156
0.971124620061,157
0.947315096251,158
0.966058763931,159
0.965045592705,160
0.882472137791,161
0.932624113475,162
0.904761904762,163
0.960486322188,164
0.966058763931,165
0.968085106383,166
0.965552178318,167
0.935696202532,168
0.957446808511,169
0.849037487335,170
0.95896656535,171
0.966565349544,172
0.947315096251,173
0.966058763931,174
0.876393110436,175
0.960992907801,176
0.959979736575,177
0.965552178318,178
0.971631205674,179
0.965045592705,180
0.956433637285,181
0.963544303797,182
0.93515704154,183
0.968591691996,184
0.694022289767,185
0.936170212766,186
0.964050632911,187
0.953394123607,188
0.965045592705,189
0.96251266464,190
0.938703140831,191
0.915906788247,192
0.917933130699,193
0.937183383992,194
0.968591691996,195
0.955420466059,196
0.656028368794,197
0.964032421479,198
0.966565349544,199
0.964032421479,200
0.958481012658,201
0.911854103343,202
0.93009118541,203
0.909873417722,204
0.888607594937,205
0.945288753799,206
0.967071935157,207
0.908860759494,208
0.892603850051,209
0.967071935157,210
0.959473150963,211
0.962025316456,212
0.956962025316,213
0.963019250253,214
0.966565349544,215
0.965045592705,216
0.963544303797,217
0.892097264438,218
0.939746835443,219
0.952405063291,220
0.966565349544,221
0.964539007092,222
0.954407294833,223
0.969098277609,224
0.967071935157,225
0.77304964539,226
0.955949367089,227
0.977710233029,228
0.945795339412,229
0.915906788247,230
0.968591691996,231
0.965045592705,232
0.934650455927,233
0.964032421479,234
0.928064842958,235
0.966582278481,236
0.931104356636,237
0.945288753799,238
0.966565349544,239
0.948860759494,240
0.942755825735,241
0.96253164557,242
0.970111448835,243
0.958459979737,244
0.946808510638,245
0.939716312057,246
0.962006079027,247
0.965045592705,248
0.958481012658,249
0.470111448835,250
0.933130699088,251
0.939716312057,252
0.9726443769,253
0.966565349544,254
0.956433637285,255
0.96251266464,256
0.938196555218,257
0.968607594937,258
0.94883485309,259
0.961499493414,260
0.965045592705,261
0.843544303797,262
0.940729483283,263
0.918946301925,264
0.944810126582,265
0.966058763931,266
0.963525835866,267
0.966075949367,268
0.965063291139,269
0.935663627153,270
0.964539007092,271
0.96253164557,272
0.669199594732,273
0.85663627153,274
0.96757852077,275
0.963019250253,276
0.874366767984,277
0.963019250253,278
0.966565349544,279
0.939716312057,280
0.964050632911,281
0.963019250253,282
0.962006079027,283
0.965045592705,284
0.942755825735,285
0.964539007092,286
0.903748733536,287
0.748733535968,288
0.963019250253,289
0.966582278481,290
0.96757852077,291
0.964539007092,292
0.962006079027,293
0.95390070922,294
0.940759493671,295
0.963019250253,296
0.968591691996,297
0.884050632911,298
0.962006079027,299
0.950886075949,300
