0.892857142857,1
0.428571428571,2
0.892857142857,3
0.852040816327,4
0.591836734694,5
0.704081632653,6
0.775510204082,7
0.831632653061,8
0.857142857143,9
0.857142857143,10
0.573604060914,11
0.668367346939,12
0.841836734694,13
0.459183673469,14
0.867346938776,15
0.862244897959,16
0.729591836735,17
0.887755102041,18
0.877551020408,19
0.852791878173,20
0.817258883249,21
0.780612244898,22
0.836734693878,23
0.847715736041,24
0.852791878173,25
0.841836734694,26
0.760204081633,27
0.857142857143,28
0.897959183673,29
0.852791878173,30
0.770408163265,31
0.477157360406,32
0.688775510204,33
0.795918367347,34
0.832487309645,35
0.867346938776,36
0.816326530612,37
0.545918367347,38
0.872448979592,39
0.836734693878,40
0.642857142857,41
0.836734693878,42
0.668367346939,43
0.785714285714,44
0.831632653061,45
0.857142857143,46
0.535714285714,47
0.695431472081,48
0.857142857143,49
0.790816326531,50
