69,0,-0.295,0.47,0.37681,16.0,188.0,1630,10,0.55,5,2.0,3,0.6229,0,0.376811594203,0,0.16473,452240426297.0,18.177,0.01449,1
69,0,-0.295,0.47,0.37681,16.0,188.0,1630,10,0.55,5,2.0,3,0.6229,0,0.376811594203,0,0.16473,452240426297.0,18.177,0.01449,1
128,0,-0.104,0.314,0.2591,20.0,204.0,3668,9,0.335,2,2.0,3,0.56909,0,0.259104330709,0,0.04309,2.01776539531e+15,24.541,0.00781,1
128,0,-0.112,0.312,0.25529,20.0,197.0,3534,9,0.335,2,2.0,3,0.5678,0,0.255290354331,0,0.04279,1.27198149663e+15,24.112,0.00781,1
97,0,-0.151,0.423,0.31057,19.0,231.0,3976,10,0.468,5,2.0,3,0.59701,0,0.310567010309,0,0.0822,1.187327117e+14,21.262,0.01031,1
128,0,-0.104,0.314,0.2591,20.0,204.0,3668,9,0.335,2,2.0,3,0.56909,0,0.259104330709,0,0.04309,2.01776539531e+15,24.541,0.00781,1
71,0,-0.277,0.396,0.24628,10.0,81.0,520,9,0.5,2,2.0,3,0.56784,0,0.246277665996,0,0.13004,225762476.424,10.856,0.01408,1
69,0,-0.296,0.47,0.37724,16.0,189.0,1647,10,0.552,5,2.0,3,0.62312,0,0.377237851662,0,0.1648,470133163759.0,18.194,0.01449,1
71,0,-0.277,0.396,0.24628,10.0,81.0,520,9,0.5,2,2.0,3,0.56784,0,0.246277665996,0,0.13004,225762476.424,10.856,0.01408,1
71,0,-0.275,0.405,0.24869,10.0,84.0,565,10,0.499,2,2.0,3,0.56893,0,0.248692152918,0,0.13056,290902936.54,10.941,0.01408,1
71,0,-0.275,0.405,0.24869,10.0,84.0,565,10,0.499,2,2.0,3,0.56893,0,0.248692152918,0,0.13056,290902936.54,10.941,0.01408,1
128,0,-0.112,0.312,0.25529,20.0,197.0,3534,9,0.335,2,2.0,3,0.5678,0,0.255290354331,0,0.04279,1.27198149663e+15,24.112,0.00781,1
128,0,-0.112,0.312,0.25529,20.0,197.0,3534,9,0.335,2,2.0,3,0.5678,0,0.255290354331,0,0.04279,1.27198149663e+15,24.112,0.00781,1
128,0,-0.104,0.314,0.2591,20.0,204.0,3668,9,0.335,2,2.0,3,0.56909,0,0.259104330709,0,0.04309,2.01776539531e+15,24.541,0.00781,1
69,0,-0.295,0.47,0.37681,16.0,188.0,1630,10,0.55,5,2.0,3,0.6229,0,0.376811594203,0,0.16473,452240426297.0,18.177,0.01449,1
71,0,-0.275,0.405,0.24869,10.0,84.0,565,10,0.499,2,2.0,3,0.56893,0,0.248692152918,0,0.13056,290902936.54,10.941,0.01408,1
71,0,-0.275,0.405,0.24869,10.0,84.0,565,10,0.499,2,2.0,3,0.56893,0,0.248692152918,0,0.13056,290902936.54,10.941,0.01408,1
97,0,-0.151,0.423,0.31057,19.0,231.0,3976,10,0.468,5,2.0,3,0.59701,0,0.310567010309,0,0.0822,1.187327117e+14,21.262,0.01031,1
97,0,-0.152,0.418,0.31035,19.0,227.0,4019,10,0.461,5,2.0,3,0.59681,0,0.310352233677,0,0.07893,1.04302620915e+14,21.32,0.01031,1
97,0,-0.151,0.423,0.31057,19.0,231.0,3976,10,0.468,5,2.0,3,0.59701,0,0.310567010309,0,0.0822,1.187327117e+14,21.262,0.01031,1
128,0,-0.104,0.314,0.2591,20.0,204.0,3668,9,0.335,2,2.0,3,0.56909,0,0.259104330709,0,0.04309,2.01776539531e+15,24.541,0.00781,1
69,0,-0.295,0.47,0.37681,16.0,188.0,1630,10,0.55,5,2.0,3,0.6229,0,0.376811594203,0,0.16473,452240426297.0,18.177,0.01449,1
97,0,-0.152,0.418,0.31035,19.0,227.0,4019,10,0.461,5,2.0,3,0.59681,0,0.310352233677,0,0.07893,1.04302620915e+14,21.32,0.01031,1
69,0,-0.295,0.47,0.37681,16.0,188.0,1630,10,0.55,5,2.0,3,0.6229,0,0.376811594203,0,0.16473,452240426297.0,18.177,0.01449,1
97,0,-0.152,0.418,0.31035,19.0,227.0,4019,10,0.461,5,2.0,3,0.59681,0,0.310352233677,0,0.07893,1.04302620915e+14,21.32,0.01031,1
71,0,-0.277,0.396,0.24628,10.0,81.0,520,9,0.5,2,2.0,3,0.56784,0,0.246277665996,0,0.13004,225762476.424,10.856,0.01408,1
69,0,-0.296,0.47,0.37724,16.0,189.0,1647,10,0.552,5,2.0,3,0.62312,0,0.377237851662,0,0.1648,470133163759.0,18.194,0.01449,1
97,0,-0.152,0.418,0.31035,19.0,227.0,4019,10,0.461,5,2.0,3,0.59681,0,0.310352233677,0,0.07893,1.04302620915e+14,21.32,0.01031,1
71,0,-0.277,0.396,0.24628,10.0,81.0,520,9,0.5,2,2.0,3,0.56784,0,0.246277665996,0,0.13004,225762476.424,10.856,0.01408,1
97,0,-0.151,0.423,0.31057,19.0,231.0,3976,10,0.468,5,2.0,3,0.59701,0,0.310567010309,0,0.0822,1.187327117e+14,21.262,0.01031,1
71,0,-0.275,0.405,0.24869,10.0,84.0,565,10,0.499,2,2.0,3,0.56893,0,0.248692152918,0,0.13056,290902936.54,10.941,0.01408,1
69,0,-0.296,0.47,0.37724,16.0,189.0,1647,10,0.552,5,2.0,3,0.62312,0,0.377237851662,0,0.1648,470133163759.0,18.194,0.01449,1
69,0,-0.296,0.47,0.37724,16.0,189.0,1647,10,0.552,5,2.0,3,0.62312,0,0.377237851662,0,0.1648,470133163759.0,18.194,0.01449,1
128,0,-0.112,0.312,0.25529,20.0,197.0,3534,9,0.335,2,2.0,3,0.5678,0,0.255290354331,0,0.04279,1.27198149663e+15,24.112,0.00781,1
97,0,-0.152,0.418,0.31035,19.0,227.0,4019,10,0.461,5,2.0,3,0.59681,0,0.310352233677,0,0.07893,1.04302620915e+14,21.32,0.01031,1
69,0,-0.296,0.47,0.37724,16.0,189.0,1647,10,0.552,5,2.0,3,0.62312,0,0.377237851662,0,0.1648,470133163759.0,18.194,0.01449,1
128,0,-0.112,0.312,0.25529,20.0,197.0,3534,9,0.335,2,2.0,3,0.5678,0,0.255290354331,0,0.04279,1.27198149663e+15,24.112,0.00781,1
97,0,-0.151,0.423,0.31057,19.0,231.0,3976,10,0.468,5,2.0,3,0.59701,0,0.310567010309,0,0.0822,1.187327117e+14,21.262,0.01031,1
128,0,-0.104,0.314,0.2591,20.0,204.0,3668,9,0.335,2,2.0,3,0.56909,0,0.259104330709,0,0.04309,2.01776539531e+15,24.541,0.00781,1
71,0,-0.277,0.396,0.24628,10.0,81.0,520,9,0.5,2,2.0,3,0.56784,0,0.246277665996,0,0.13004,225762476.424,10.856,0.01408,1
128,0,-0.105,0.314,0.25837,20.0,203.0,3652,9,0.335,2,2.0,3,0.56884,0,0.258366141732,0,0.04302,1.86187025009e+15,24.452,0.00781,1
69,0,0.001,0.225,0.21441,8.0,21.0,337,5,0.228,2,3.0,4,0.51833,0,0.214407502131,0,0.04113,188062.06356,9.587,0.01449,1
69,0,0.043,0.232,0.17221,6.0,14.0,254,5,0.218,2,3.0,4,0.4618,0,0.17220801364,0,0.05669,19889.89428,6.649,0.01449,1
69,0,0.001,0.245,0.21824,8.0,25.0,375,6,0.258,2,3.0,4,0.51899,0,0.218243819267,0,0.04191,478260.11864,9.37,0.01449,1
69,0,0.017,0.238,0.17434,6.0,15.0,250,6,0.25,1,3.0,4,0.47047,0,0.174339300938,0,0.05003,30499.09854,6.864,0.01449,1
94,0,0.048,0.139,0.13429,6.0,9.0,351,4,0.148,1,3.0,4,0.46123,0,0.134294211851,0,0.02346,16537.6256,8.151,0.01064,1
126,0,0.09,0.077,0.08279,5.0,3.0,436,4,0.083,1,4.0,5,0.40208,0,0.0827936507937,0,0.02787,1014.66451,6.753,0.00794,1
94,0,0.125,0.151,0.13956,6.0,11.0,394,4,0.136,1,3.0,4,0.45977,0,0.139556165637,0,0.03358,29663.79065,8.591,0.01064,1
125,0,0.113,0.083,0.09084,6.0,4.0,475,4,0.085,1,3.0,4,0.41753,0,0.0908387096774,0,0.02568,2355.76973,7.727,0.008,1
69,0,0.001,0.225,0.21441,8.0,21.0,337,5,0.228,2,3.0,4,0.51833,0,0.214407502131,0,0.04113,188062.06356,9.587,0.01449,1
69,0,0.043,0.232,0.17221,6.0,14.0,254,5,0.218,2,3.0,4,0.4618,0,0.17220801364,0,0.05669,19889.89428,6.649,0.01449,1
69,0,0.001,0.245,0.21824,8.0,25.0,375,6,0.258,2,3.0,4,0.51899,0,0.218243819267,0,0.04191,478260.11864,9.37,0.01449,1
69,0,0.017,0.238,0.17434,6.0,15.0,250,6,0.25,1,3.0,4,0.47047,0,0.174339300938,0,0.05003,30499.09854,6.864,0.01449,1
94,0,0.048,0.139,0.13429,6.0,9.0,351,4,0.148,1,3.0,4,0.46123,0,0.134294211851,0,0.02346,16537.6256,8.151,0.01064,1
126,0,0.09,0.077,0.08279,5.0,3.0,436,4,0.083,1,4.0,5,0.40208,0,0.0827936507937,0,0.02787,1014.66451,6.753,0.00794,1
94,0,0.125,0.151,0.13956,6.0,11.0,394,4,0.136,1,3.0,4,0.45977,0,0.139556165637,0,0.03358,29663.79065,8.591,0.01064,1
