898,0,-0.186,0.0,0.00509,2.0,0.0,2052,2,0.0,1,0,0,0,0,0,0,0,0,0,0,1
1283,0,-0.178,0.0,0.00356,2.0,0.0,2931,2,0.0,1,0,0,0,0,0,0,0,0,0,0,1
1385,0,-0.186,0.0,0.00337,2.0,0.0,3233,2,0.0,1,0,0,0,0,0,0,0,0,0,0,1
2257,0,-0.189,0.0,0.00207,2.0,0.0,5260,2,0.0,1,0,0,0,0,0,0,0,0,0,0,1
1388,0,-0.186,0.0,0.00336,2.0,0.0,3237,2,0.0,1,0,0,0,0,0,0,0,0,0,0,1
720,0,-0.187,0.0,0.00638,2.0,0.0,1652,2,0.0,1,0,0,0,0,0,0,0,0,0,0,1
777,0,-0.155,0.0,0.00552,2.0,0.0,1665,2,0.0,1,0,0,0,0,0,0,0,0,0,0,1
1798,0,-0.191,0.0,0.00262,2.0,0.0,4240,2,0.0,1,0,0,0,0,0,0,0,0,0,0,1
745,0,-0.181,0.0,0.00609,2.0,0.0,1689,2,0.0,1,0,0,0,0,0,0,0,0,0,0,1
910,0,-0.186,0.0,0.00506,2.0,0.0,2092,2,0.0,1,0,0,0,0,0,0,0,0,0,0,1
706,0,-0.178,0.0,0.00638,2.0,0.0,1588,2,0.0,1,0,0,0,0,0,0,0,0,0,0,1
1296,0,-0.176,0.0,0.00351,2.0,0.0,2947,2,0.0,1,0,0,0,0,0,0,0,0,0,0,1
963,0,-0.188,0.0,0.0049,2.0,0.0,2269,2,0.0,1,0,0,0,0,0,0,0,0,0,0,1
1356,0,-0.193,0.0,0.00345,2.0,0.0,3165,2,0.0,1,0,0,0,0,0,0,0,0,0,0,1
1360,0,-0.188,0.0,0.00347,2.0,0.0,3207,2,0.0,1,0,0,0,0,0,0,0,0,0,0,1
1408,0,-0.187,0.0,0.00324,2.0,0.0,3210,2,0.0,1,11.0,15,0.22155,0,0.00324069587129,0,0.15068,138101.75713,0,0.00071,1
1320,0,-0.184,0.0,0.00348,2.0,0.0,3031,2,0.0,1,0,0,0,0,0,0,0,0,0,0,1
765,0,-0.153,0.0,0.00563,2.0,0.0,1646,2,0.0,1,0,0,0,0,0,0,0,0,0,0,1
1761,0,-0.2,0.0,0.00269,2.0,0.0,4174,2,0.0,1,0,0,0,0,0,0,0,0,0,0,1
1299,0,-0.187,0.0,0.00363,2.0,0.0,3058,2,0.0,1,0,0,0,0,0,0,0,0,0,0,1
1374,0,-0.182,0.0,0.00336,2.0,0.0,3169,2,0.0,1,0,0,0,0,0,0,0,0,0,0,1
1809,0,-0.194,0.0,0.00257,2.0,0.0,4197,2,0.0,1,0,0,0,0,0,0,0,0,0,0,1
1180,0,-0.178,0.0,0.00388,2.0,0.0,2698,2,0.0,1,0,0,0,0,0,0,0,0,0,0,1
720,0,-0.175,0.0,0.00624,2.0,0.0,1616,2,0.0,1,0,0,0,0,0,0,0,0,0,0,1
1386,0,-0.187,0.0,0.00338,2.0,0.0,3240,2,0.0,1,0,0,0,0,0,0,0,0,0,0,1
1353,0,-0.193,0.0,0.00346,2.0,0.0,3161,2,0.0,1,0,0,0,0,0,0,0,0,0,0,1
1748,0,-0.184,0.0,0.00263,2.0,0.0,4010,2,0.0,1,0,0,0,0,0,0,0,0,0,0,1
2498,0,-0.186,0.0,0.00189,2.0,0.0,5881,2,0.0,1,0,0,0,0,0,0,0,0,0,0,1
766,0,-0.153,0.0,0.0056,2.0,0.0,1641,2,0.0,1,0,0,0,0,0,0,0,0,0,0,1
1603,0,-0.191,0.0,0.00291,2.0,0.0,3741,2,0.0,1,0,0,0,0,0,0,0,0,0,0,1
1385,0,-0.19,0.0,0.00332,2.0,0.0,3180,2,0.0,1,0,0,0,0,0,0,0,0,0,0,1
772,0,-0.146,0.0,0.00535,2.0,0.0,1591,2,0.0,1,0,0,0,0,0,0,0,0,0,0,1
1791,0,-0.196,0.0,0.0026,2.0,0.0,4167,2,0.0,1,0,0,0,0,0,0,0,0,0,0,1
1364,0,-0.183,0.0,0.0034,2.0,0.0,3156,2,0.0,1,0,0,0,0,0,0,0,0,0,0,1
1340,0,-0.196,0.0,0.00346,2.0,0.0,3103,2,0.0,1,0,0,0,0,0,0,0,0,0,0,1
585,0,-0.181,0.0,0.00776,2.0,0.0,1326,2,0.0,1,0,0,0,0,0,0,0,0,0,0,1
1424,0,-0.185,0.0,0.00329,2.0,0.0,3329,2,0.0,1,0,0,0,0,0,0,0,0,0,0,1
1151,0,-0.183,0.0,0.00399,2.0,0.0,2639,2,0.0,1,0,0,0,0,0,0,0,0,0,0,1
1280,0,-0.191,0.0,0.00357,2.0,0.0,2924,2,0.0,1,0,0,0,0,0,0,0,0,0,0,1
1731,0,-0.205,0.0,0.00274,2.0,0.0,4096,2,0.0,1,0,0,0,0,0,0,0,0,0,0,1
1335,0,-0.186,0.0,0.00348,2.0,0.0,3100,2,0.0,1,0,0,0,0,0,0,0,0,0,0,1
952,0,-0.191,0.0,0.00495,2.0,0.0,2240,2,0.0,1,0,0,0,0,0,0,0,0,0,0,1
2536,0,-0.186,0.0,0.00183,2.0,0.0,5884,2,0.0,1,0,0,0,0,0,0,0,0,0,0,1
780,0,-0.154,0.0,0.00552,2.0,0.0,1678,2,0.0,1,0,0,0,0,0,0,0,0,0,0,1
1349,0,-0.186,0.0,0.0034,2.0,0.0,3094,2,0.0,1,0,0,0,0,0,0,0,0,0,0,1
2036,0,-0.197,0.0,0.00229,2.0,0.0,4740,2,0.0,1,0,0,0,0,0,0,0,0,0,0,1
776,0,-0.144,0.0,0.00534,2.0,0.0,1606,2,0.0,1,0,0,0,0,0,0,0,0,0,0,1
717,0,-0.144,0.0,0.00561,2.0,0.0,1441,2,0.0,1,0,0,0,0,0,0,0,0,0,0,1
790,0,-0.142,0.0,0.00521,2.0,0.0,1623,2,0.0,1,0,0,0,0,0,0,0,0,0,0,1
1286,0,-0.189,0.0,0.00356,2.0,0.0,2941,2,0.0,1,0,0,0,0,0,0,0,0,0,0,1
2043,0,-0.196,0.0,0.00228,2.0,0.0,4747,2,0.0,1,0,0,0,0,0,0,0,0,0,0,1
840,0,-0.165,0.0,0.00521,2.0,0.0,1835,2,0.0,1,0,0,0,0,0,0,0,0,0,0,1
907,0,-0.188,0.0,0.00505,2.0,0.0,2074,2,0.0,1,0,0,0,0,0,0,0,0,0,0,1
760,0,-0.15,0.0,0.00552,2.0,0.0,1593,2,0.0,1,0,0,0,0,0,0,0,0,0,0,1
582,0,-0.182,0.0,0.0078,2.0,0.0,1318,2,0.0,1,0,0,0,0,0,0,0,0,0,0,1
1484,0,-0.189,0.0,0.00307,2.0,0.0,3377,2,0.0,1,0,0,0,0,0,0,0,0,0,0,1
1379,0,-0.189,0.0,0.00335,2.0,0.0,3185,2,0.0,1,0,0,0,0,0,0,0,0,0,0,1
720,0,-0.174,0.0,0.00626,2.0,0.0,1621,2,0.0,1,0,0,0,0,0,0,0,0,0,0,1
1450,0,-0.194,0.0,0.00316,2.0,0.0,3318,2,0.0,1,0,0,0,0,0,0,0,0,0,0,1
1283,0,-0.19,0.0,0.00366,2.0,0.0,3011,2,0.0,1,0,0,0,0,0,0,0,0,0,0,1
1292,0,-0.176,0.0,0.00353,2.0,0.0,2941,2,0.0,1,0,0,0,0,0,0,0,0,0,0,1
1303,0,-0.188,0.0,0.00351,2.0,0.0,2977,2,0.0,1,0,0,0,0,0,0,0,0,0,0,1
1287,0,-0.183,0.0,0.00354,2.0,0.0,2929,2,0.0,1,0,0,0,0,0,0,0,0,0,0,1
1293,0,-0.188,0.0,0.00356,2.0,0.0,2975,2,0.0,1,0,0,0,0,0,0,0,0,0,0,1
1276,0,-0.191,0.0,0.00363,2.0,0.0,2951,2,0.0,1,0,0,0,0,0,0,0,0,0,0,1
930,0,-0.183,0.0,0.0049,2.0,0.0,2116,2,0.0,1,0,0,0,0,0,0,0,0,0,0,1
1377,0,-0.192,0.0,0.0033,2.0,0.0,3131,2,0.0,1,0,0,0,0,0,0,0,0,0,0,1
1294,0,-0.188,0.0,0.00353,2.0,0.0,2950,2,0.0,1,0,0,0,0,0,0,0,0,0,0,1
1279,0,-0.19,0.0,0.00358,2.0,0.0,2928,2,0.0,1,0,0,0,0,0,0,0,0,0,0,1
2621,0,-0.191,0.0,0.0018,2.0,0.0,6174,2,0.0,1,0,0,0,0,0,0,0,0,0,0,1
1735,0,-0.196,0.0,0.00274,2.0,0.0,4119,2,0.0,1,0,0,0,0,0,0,0,0,0,0,1
717,0,-0.145,0.0,0.00559,2.0,0.0,1435,2,0.0,1,0,0,0,0,0,0,0,0,0,0,1
735,0,-0.184,0.0,0.00618,2.0,0.0,1667,2,0.0,1,0,0,0,0,0,0,0,0,0,0,1
720,0,-0.145,0.0,0.00557,2.0,0.0,1443,2,0.0,1,0,0,0,0,0,0,0,0,0,0,1
1303,0,-0.177,0.0,0.00347,2.0,0.0,2940,2,0.0,1,0,0,0,0,0,0,0,0,0,0,1
2,0,0,0.0,1.0,1.0,0.0,1,2,0.0,1,0,0,0,0,0,0,0,0,0,0,1
1114,0,-0.18,0.0,0.00414,2.0,0.0,2566,2,0.0,1,0,0,0,0,0,0,0,0,0,0,1
782,0,-0.155,0.0,0.00544,2.0,0.0,1661,2,0.0,1,0,0,0,0,0,0,0,0,0,0,1
783,0,-0.154,0.0,0.00547,2.0,0.0,1674,2,0.0,1,0,0,0,0,0,0,0,0,0,0,1
1755,0,-0.203,0.0,0.00269,2.0,0.0,4135,2,0.0,1,0,0,0,0,0,0,0,0,0,0,1
1273,0,-0.184,0.0,0.0036,2.0,0.0,2916,2,0.0,1,0,0,0,0,0,0,0,0,0,0,1
1362,0,-0.169,0.0,0.00336,2.0,0.0,3113,2,0.0,1,0,0,0,0,0,0,0,0,0,0,1
2542,0,-0.191,0.0,0.00187,2.0,0.0,6038,2,0.0,1,0,0,0,0,0,0,0,0,0,0,1
1370,0,-0.184,0.0,0.00335,2.0,0.0,3144,2,0.0,1,0,0,0,0,0,0,0,0,0,0,1
828,0,-0.167,0.0,0.00531,2.0,0.0,1817,2,0.0,1,0,0,0,0,0,0,0,0,0,0,1
805,0,-0.165,0.0,0.00526,2.0,0.0,1703,2,0.0,1,0,0,0,0,0,0,0,0,0,0,1
2626,0,-0.19,0.0,0.0018,2.0,0.0,6188,2,0.0,1,0,0,0,0,0,0,0,0,0,0,1
1470,0,-0.189,0.0,0.00312,2.0,0.0,3370,2,0.0,1,0,0,0,0,0,0,0,0,0,0,1
2455,0,-0.19,0.0,0.00192,2.0,0.0,5796,2,0.0,1,0,0,0,0,0,0,0,0,0,0,1
1720,0,-0.186,0.0,0.00269,2.0,0.0,3978,2,0.0,1,0,0,0,0,0,0,0,0,0,0,1
717,0,-0.145,0.0,0.00561,2.0,0.0,1440,2,0.0,1,0,0,0,0,0,0,0,0,0,0,1
2258,0,-0.188,0.0,0.00207,2.0,0.0,5278,2,0.0,1,0,0,0,0,0,0,0,0,0,0,1
1445,0,-0.189,0.0,0.00317,2.0,0.0,3305,2,0.0,1,0,0,0,0,0,0,0,0,0,0,1
1364,0,-0.173,0.0,0.0033,2.0,0.0,3063,2,0.0,1,0,0,0,0,0,0,0,0,0,0,1
1617,0,-0.189,0.0,0.00289,2.0,0.0,3778,2,0.0,1,0,0,0,0,0,0,0,0,0,0,1
1429,0,-0.186,0.0,0.00324,2.0,0.0,3308,2,0.0,1,0,0,0,0,0,0,0,0,0,0,1
1417,0,-0.185,0.0,0.00331,2.0,0.0,3318,2,0.0,1,0,0,0,0,0,0,0,0,0,0,1
721,0,-0.174,0.0,0.00625,2.0,0.0,1621,2,0.0,1,0,0,0,0,0,0,0,0,0,0,1
925,0,-0.183,0.0,0.00493,2.0,0.0,2106,2,0.0,1,0,0,0,0,0,0,0,0,0,0,1
1270,0,-0.191,0.0,0.00364,2.0,0.0,2935,2,0.0,1,0,0,0,0,0,0,0,0,0,0,1
1105,0,-0.182,0.0,0.00419,2.0,0.0,2553,2,0.0,1,0,0,0,0,0,0,0,0,0,0,1
1373,0,-0.186,0.0,0.00342,2.0,0.0,3219,2,0.0,1,0,0,0,0,0,0,0,0,0,0,1
1370,0,-0.19,0.0,0.00339,2.0,0.0,3182,2,0.0,1,0,0,0,0,0,0,0,0,0,0,1
893,0,-0.188,0.0,0.00513,2.0,0.0,2044,2,0.0,1,0,0,0,0,0,0,0,0,0,0,1
2260,0,-0.186,0.0,0.0021,2.0,0.0,5348,2,0.0,1,0,0,0,0,0,0,0,0,0,0,1
2436,0,-0.184,0.0,0.00193,2.0,0.0,5726,2,0.0,1,0,0,0,0,0,0,0,0,0,0,1
1613,0,-0.191,0.0,0.00288,2.0,0.0,3748,2,0.0,1,0,0,0,0,0,0,0,0,0,0,1
1170,0,-0.179,0.0,0.00392,2.0,0.0,2681,2,0.0,1,0,0,0,0,0,0,0,0,0,0,1
920,0,-0.186,0.0,0.00496,2.0,0.0,2095,2,0.0,1,0,0,0,0,0,0,0,0,0,0,1
1393,0,-0.187,0.0,0.00332,2.0,0.0,3215,2,0.0,1,0,0,0,0,0,0,0,0,0,0,1
1387,0,-0.188,0.0,0.00333,2.0,0.0,3200,2,0.0,1,0,0,0,0,0,0,0,0,0,0,1
2572,0,-0.19,0.0,0.00183,2.0,0.0,6057,2,0.0,1,0,0,0,0,0,0,0,0,0,0,1
1282,0,-0.182,0.0,0.00358,2.0,0.0,2939,2,0.0,1,0,0,0,0,0,0,0,0,0,0,1
1774,0,-0.181,0.0,0.00258,2.0,0.0,4064,2,0.0,1,0,0,0,0,0,0,0,0,0,0,1
1797,0,-0.191,0.0,0.00262,2.0,0.0,4222,2,0.0,1,0,0,0,0,0,0,0,0,0,0,1
1347,0,-0.184,0.0,0.00344,2.0,0.0,3122,2,0.0,1,0,0,0,0,0,0,0,0,0,0,1
973,0,-0.186,0.0,0.00483,2.0,0.0,2282,2,0.0,1,0,0,0,0,0,0,0,0,0,0,1
741,0,-0.183,0.0,0.00613,2.0,0.0,1680,2,0.0,1,0,0,0,0,0,0,0,0,0,0,1
821,0,-0.161,0.0,0.00518,2.0,0.0,1744,2,0.0,1,0,0,0,0,0,0,0,0,0,0,1
2267,0,-0.188,0.0,0.00206,2.0,0.0,5291,2,0.0,1,0,0,0,0,0,0,0,0,0,0,1
1300,0,-0.187,0.0,0.00361,2.0,0.0,3052,2,0.0,1,0,0,0,0,0,0,0,0,0,0,1
786,0,-0.143,0.0,0.00525,2.0,0.0,1620,2,0.0,1,0,0,0,0,0,0,0,0,0,0,1
2446,0,-0.185,0.0,0.00191,2.0,0.0,5709,2,0.0,1,0,0,0,0,0,0,0,0,0,0,1
1368,0,-0.192,0.0,0.00342,2.0,0.0,3201,2,0.0,1,0,0,0,0,0,0,0,0,0,0,1
1114,0,-0.181,0.0,0.00413,2.0,0.0,2558,2,0.0,1,0,0,0,0,0,0,0,0,0,0,1
735,0,-0.16,0.0,0.00588,2.0,0.0,1586,2,0.0,1,0,0,0,0,0,0,0,0,0,0,1
745,0,-0.158,0.0,0.00581,2.0,0.0,1610,2,0.0,1,0,0,0,0,0,0,0,0,0,0,1
1732,0,-0.191,0.0,0.00278,2.0,0.0,4174,2,0.0,1,0,0,0,0,0,0,0,0,0,0,1
1697,0,-0.195,0.0,0.00285,2.0,0.0,4097,2,0.0,1,0,0,0,0,0,0,0,0,0,0,1
2543,0,-0.191,0.0,0.00187,2.0,0.0,6032,2,0.0,1,0,0,0,0,0,0,0,0,0,0,1
1799,0,-0.197,0.0,0.00256,2.0,0.0,4145,2,0.0,1,0,0,0,0,0,0,0,0,0,0,1
1757,0,-0.202,0.0,0.00269,2.0,0.0,4152,2,0.0,1,0,0,0,0,0,0,0,0,0,0,1
2558,0,-0.19,0.0,0.00185,2.0,0.0,6062,2,0.0,1,0,0,0,0,0,0,0,0,0,0,1
1172,0,-0.18,0.0,0.00389,2.0,0.0,2672,2,0.0,1,0,0,0,0,0,0,0,0,0,0,1
1267,0,-0.192,0.0,0.00365,2.0,0.0,2928,2,0.0,1,0,0,0,0,0,0,0,0,0,0,1
972,0,-0.188,0.0,0.00479,2.0,0.0,2262,2,0.0,1,0,0,0,0,0,0,0,0,0,0,1
750,0,-0.157,0.0,0.00577,2.0,0.0,1620,2,0.0,1,0,0,0,0,0,0,0,0,0,0,1
744,0,-0.181,0.0,0.00613,2.0,0.0,1694,2,0.0,1,0,0,0,0,0,0,0,0,0,0,1
2413,0,-0.185,0.0,0.00196,2.0,0.0,5690,2,0.0,1,0,0,0,0,0,0,0,0,0,0,1
591,0,-0.18,0.0,0.00762,2.0,0.0,1329,2,0.0,1,0,0,0,0,0,0,0,0,0,0,1
1415,0,-0.188,0.0,0.00327,2.0,0.0,3268,2,0.0,1,0,0,0,0,0,0,0,0,0,0,1
714,0,-0.145,0.0,0.00567,2.0,0.0,1442,2,0.0,1,0,0,0,0,0,0,0,0,0,0,1
2037,0,-0.196,0.0,0.0023,2.0,0.0,4763,2,0.0,1,0,0,0,0,0,0,0,0,0,0,1
1124,0,-0.181,0.0,0.00406,2.0,0.0,2562,2,0.0,1,0,0,0,0,0,0,0,0,0,0,1
1415,0,-0.187,0.0,0.0033,2.0,0.0,3297,2,0.0,1,0,0,0,0,0,0,0,0,0,0,1
827,0,-0.163,0.0,0.00509,2.0,0.0,1740,2,0.0,1,0,0,0,0,0,0,0,0,0,0,1
757,0,-0.15,0.0,0.00556,2.0,0.0,1592,2,0.0,1,0,0,0,0,0,0,0,0,0,0,1
782,0,-0.154,0.0,0.00549,2.0,0.0,1675,2,0.0,1,0,0,0,0,0,0,0,0,0,0,1
715,0,-0.175,0.0,0.00632,2.0,0.0,1613,2,0.0,1,0,0,0,0,0,0,0,0,0,0,1
2428,0,-0.185,0.0,0.00193,2.0,0.0,5701,2,0.0,1,0,0,0,0,0,0,0,0,0,0,1
1286,0,-0.18,0.0,0.00352,2.0,0.0,2912,2,0.0,1,0,0,0,0,0,0,0,0,0,0,1
1368,0,-0.183,0.0,0.00336,2.0,0.0,3143,2,0.0,1,0,0,0,0,0,0,0,0,0,0,1
1118,0,-0.181,0.0,0.0041,2.0,0.0,2558,2,0.0,1,0,0,0,0,0,0,0,0,0,0,1
2586,0,-0.187,0.0,0.00184,2.0,0.0,6140,2,0.0,1,0,0,0,0,0,0,0,0,0,0,1
1796,0,-0.189,0.0,0.00265,2.0,0.0,4264,2,0.0,1,0,0,0,0,0,0,0,0,0,0,1
589,0,-0.18,0.0,0.00767,2.0,0.0,1328,2,0.0,1,0,0,0,0,0,0,0,0,0,0,1
1281,0,-0.184,0.0,0.00355,2.0,0.0,2910,2,0.0,1,0,0,0,0,0,0,0,0,0,0,1
1347,0,-0.172,0.0,0.00339,2.0,0.0,3070,2,0.0,1,0,0,0,0,0,0,0,0,0,0,1
1370,0,-0.192,0.0,0.00339,2.0,0.0,3180,2,0.0,1,0,0,0,0,0,0,0,0,0,0,1
906,0,-0.186,0.0,0.00501,2.0,0.0,2052,2,0.0,1,0,0,0,0,0,0,0,0,0,0,1
1290,0,-0.188,0.0,0.00355,2.0,0.0,2949,2,0.0,1,0,0,0,0,0,0,0,0,0,0,1
2476,0,-0.189,0.0,0.0019,2.0,0.0,5829,2,0.0,1,0,0,0,0,0,0,0,0,0,0,1
1616,0,-0.19,0.0,0.00289,2.0,0.0,3768,2,0.0,1,0,0,0,0,0,0,0,0,0,0,1
1379,0,-0.191,0.0,0.00339,2.0,0.0,3225,2,0.0,1,0,0,0,0,0,0,0,0,0,0,1
3,0,-1.0,0.0,0.66667,1.0,0.0,2,2,0.0,1,0,0,0,0,0,0,0,0,0,0,1
1323,0,-0.189,0.0,0.0035,2.0,0.0,3060,2,0.0,1,0,0,0,0,0,0,0,0,0,0,1
1394,0,-0.189,0.0,0.00328,2.0,0.0,3188,2,0.0,1,0,0,0,0,0,0,0,0,0,0,1
1290,0,-0.189,0.0,0.00356,2.0,0.0,2963,2,0.0,1,0,0,0,0,0,0,0,0,0,0,1
739,0,-0.153,0.0,0.00577,2.0,0.0,1573,2,0.0,1,0,0,0,0,0,0,0,0,0,0,1
1413,0,-0.189,0.0,0.00326,2.0,0.0,3251,2,0.0,1,0,0,0,0,0,0,0,0,0,0,1
3,0,-1.0,0.0,0.66667,1.0,0.0,2,2,0.0,1,0,0,0,0,0,0,0,0,0,0,1
741,0,-0.152,0.0,0.00574,2.0,0.0,1574,2,0.0,1,0,0,0,0,0,0,0,0,0,0,1
2033,0,-0.198,0.0,0.00229,2.0,0.0,4727,2,0.0,1,0,0,0,0,0,0,0,0,0,0,1
1724,0,-0.186,0.0,0.00268,2.0,0.0,3986,2,0.0,1,0,0,0,0,0,0,0,0,0,0,1
1260,0,-0.192,0.0,0.0037,2.0,0.0,2937,2,0.0,1,0,0,0,0,0,0,0,0,0,0,1
1322,0,-0.188,0.0,0.00351,2.0,0.0,3069,2,0.0,1,0,0,0,0,0,0,0,0,0,0,1
2603,0,-0.195,0.0,0.00179,2.0,0.0,6063,2,0.0,1,0,0,0,0,0,0,0,0,0,0,1
1779,0,-0.182,0.0,0.00256,2.0,0.0,4046,2,0.0,1,0,0,0,0,0,0,0,0,0,0,1
1328,0,-0.183,0.0,0.00344,2.0,0.0,3029,2,0.0,1,0,0,0,0,0,0,0,0,0,0,1
1318,0,-0.182,0.0,0.00358,2.0,0.0,3105,2,0.0,1,0,0,0,0,0,0,0,0,0,0,1
1758,0,-0.194,0.0,0.0027,2.0,0.0,4170,2,0.0,1,0,0,0,0,0,0,0,0,0,0,1
1725,0,-0.189,0.0,0.00282,2.0,0.0,4193,2,0.0,1,0,0,0,0,0,0,0,0,0,0,1
1384,0,-0.191,0.0,0.00338,2.0,0.0,3231,2,0.0,1,0,0,0,0,0,0,0,0,0,0,1
1390,0,-0.189,0.0,0.00334,2.0,0.0,3221,2,0.0,1,0,0,0,0,0,0,0,0,0,0,1
2413,0,-0.186,0.0,0.00195,2.0,0.0,5672,2,0.0,1,0,0,0,0,0,0,0,0,0,0,1
2495,0,-0.186,0.0,0.00189,2.0,0.0,5891,2,0.0,1,0,0,0,0,0,0,0,0,0,0,1
1373,0,-0.184,0.0,0.00333,2.0,0.0,3137,2,0.0,1,0,0,0,0,0,0,0,0,0,0,1
2615,0,-0.193,0.0,0.0018,2.0,0.0,6141,2,0.0,1,0,0,0,0,0,0,0,0,0,0,1
2,0,0,0.0,1.0,1.0,0.0,1,2,0.0,1,0,0,0,0,0,0,0,0,0,0,1
743,0,-0.153,0.0,0.0057,2.0,0.0,1572,2,0.0,1,0,0,0,0,0,0,0,0,0,0,1
1187,0,-0.177,0.0,0.00385,2.0,0.0,2707,2,0.0,1,0,0,0,0,0,0,0,0,0,0,1
1758,0,-0.203,0.0,0.00267,2.0,0.0,4129,2,0.0,1,0,0,0,0,0,0,0,0,0,0,1
1342,0,-0.172,0.0,0.00342,2.0,0.0,3076,2,0.0,1,0,0,0,0,0,0,0,0,0,0,1
793,0,-0.143,0.0,0.00514,2.0,0.0,1614,2,0.0,1,0,0,0,0,0,0,0,0,0,0,1
898,0,-0.186,0.0,0.00509,2.0,0.0,2052,2,0.0,1,0,0,0,0,0,0,0,0,0,0,1
837,0,-0.159,0.0,0.00503,2.0,0.0,1761,2,0.0,1,0,0,0,0,0,0,0,0,0,0,1
1382,0,-0.186,0.0,0.00338,2.0,0.0,3227,2,0.0,1,0,0,0,0,0,0,0,0,0,0,1
891,0,-0.188,0.0,0.00514,2.0,0.0,2038,2,0.0,1,0,0,0,0,0,0,0,0,0,0,1
1286,0,-0.183,0.0,0.00354,2.0,0.0,2927,2,0.0,1,0,0,0,0,0,0,0,0,0,0,1
1328,0,-0.185,0.0,0.00341,2.0,0.0,3005,2,0.0,1,0,0,0,0,0,0,0,0,0,0,1
837,0,-0.165,0.0,0.00522,2.0,0.0,1828,2,0.0,1,0,0,0,0,0,0,0,0,0,0,1
1610,0,-0.19,0.0,0.00291,2.0,0.0,3769,2,0.0,1,0,0,0,0,0,0,0,0,0,0,1
1801,0,-0.197,0.0,0.00256,2.0,0.0,4155,2,0.0,1,0,0,0,0,0,0,0,0,0,0,1
1307,0,-0.188,0.0,0.00355,2.0,0.0,3032,2,0.0,1,0,0,0,0,0,0,0,0,0,0,1
1379,0,-0.19,0.0,0.00334,2.0,0.0,3175,2,0.0,1,0,0,0,0,0,0,0,0,0,0,1
2635,0,-0.194,0.0,0.00175,2.0,0.0,6086,2,0.0,1,0,0,0,0,0,0,0,0,0,0,1
2056,0,-0.194,0.0,0.00227,2.0,0.0,4800,2,0.0,1,0,0,0,0,0,0,0,0,0,0,1
826,0,-0.166,0.0,0.00534,2.0,0.0,1819,2,0.0,1,0,0,0,0,0,0,0,0,0,0,1
951,0,-0.192,0.0,0.00494,2.0,0.0,2233,2,0.0,1,0,0,0,0,0,0,0,0,0,0,1
1332,0,-0.175,0.0,0.00342,2.0,0.0,3030,2,0.0,1,0,0,0,0,0,0,0,0,0,0,1
1712,0,-0.193,0.0,0.00282,2.0,0.0,4137,2,0.0,1,0,0,0,0,0,0,0,0,0,0,1
1693,0,-0.194,0.0,0.00288,2.0,0.0,4118,2,0.0,1,0,0,0,0,0,0,0,0,0,0,1
583,0,-0.182,0.0,0.00778,2.0,0.0,1320,2,0.0,1,0,0,0,0,0,0,0,0,0,0,1
2222,0,-0.192,0.0,0.00211,2.0,0.0,5203,2,0.0,1,0,0,0,0,0,0,0,0,0,0,1
836,0,-0.16,0.0,0.00503,2.0,0.0,1754,2,0.0,1,0,0,0,0,0,0,0,0,0,0,1
229,0,0.081,0.0,0.01498,1.0,0.0,277,2,0.0,1,19.0,27,0.09889,0,0.0149773998315,0,0.15057,4.99583,1.423,0.00437,1
178,0,0.12,0.0,0.02012,1.0,0.0,228,2,0.0,1,18.0,24,0.10701,0,0.0201231511458,0,0.23365,5.58671,1.359,0.00562,1
150,0,0.376,0.0,0.0255,1.0,0.0,182,2,0.0,1,18.0,25,0.1032,0,0.0255033557047,0,0.25058,6.24344,1.257,0.00667,1
931,0,-0.377,0.0,0.0043,2.0,0.0,1862,2,0.0,1,7.0,11,0.2485,0,0.00430107526882,0,0.15424,179388.72152,1.683,0.00107,1
195,0,0.236,0.0,0.01644,1.0,0.0,219,2,0.0,1,30.0,37,0.06657,0,0.0164419772667,0,0.14019,4.57107,1.338,0.00513,1
200,0,0.075,0.0,0.01704,1.0,0.0,233,2,0.0,1,28.0,36,0.08152,0,0.0170351758794,0,0.18044,5.02551,1.398,0.005,1
211,0,0.049,0.0,0.01571,1.0,0.0,248,2,0.0,1,22.0,28,0.08968,0,0.0157075152336,0,0.108,4.67117,1.542,0.00474,1
166,0,0.027,0.0,0.02037,1.0,0.0,191,2,0.0,1,31.0,40,0.0819,0,0.0203723986857,0,0.1236,4.98781,1.138,0.00602,1
137,0,0.105,0.0,0.02598,1.0,0.0,167,2,0.0,1,22.0,28,0.10489,0,0.0259768140833,0,0.13388,5.4317,1.259,0.0073,1
117,0,0.139,0.0,0.02977,1.0,0.0,144,2,0.0,1,28.0,37,0.07505,0,0.0297671676982,0,0.20384,5.68415,1.096,0.00855,1
148,0,0.107,0.0,0.02252,1.0,0.0,170,2,0.0,1,30.0,40,0.06664,0,0.0225225225225,0,0.22316,4.87225,1.062,0.00676,1
205,0,0.06,0.0,0.01707,1.0,0.0,256,2,0.0,1,17.0,25,0.10812,0,0.0170731707317,0,0.14505,5.19015,1.402,0.00488,1
155,0,0.037,0.0,0.02237,1.0,0.0,182,2,0.0,1,30.0,41,0.07499,0,0.0223711772099,0,0.20019,5.24963,1.119,0.00645,1
161,0,-0.021,0.0,0.0212,1.0,0.0,184,2,0.0,1,40.0,51,0.04937,0,0.0211956521739,0,0.11825,4.9995,1.053,0.00621,1
161,0,0.213,0.0,0.02228,1.0,0.0,197,2,0.0,1,22.0,30,0.10062,0,0.0222826086957,0,0.14406,5.39616,1.484,0.00621,1
123,0,0.031,0.0,0.02812,1.0,0.0,144,2,0.0,1,25.0,33,0.09887,0,0.0281220844995,0,0.21392,5.11998,1.145,0.00813,1
202,0,0.146,0.0,0.01685,1.0,0.0,228,2,0.0,1,22.0,29,0.08129,0,0.0168464607655,0,0.14526,5.12846,1.283,0.00495,1
149,0,0.138,0.0,0.02458,1.0,0.0,189,2,0.0,1,16.0,23,0.12648,0,0.0245782695447,0,0.26617,5.73425,1.372,0.00671,1
155,0,0.077,0.0,0.02237,1.0,0.0,179,2,0.0,1,30.0,36,0.07731,0,0.0223711772099,0,0.23505,5.17262,1.13,0.00645,1
172,0,0.164,0.0,0.01972,1.0,0.0,203,2,0.0,1,24.0,31,0.08205,0,0.0197198422413,0,0.17029,5.02932,1.324,0.00581,1
127,0,0.041,0.0,0.03012,1.0,0.0,167,2,0.0,1,16.0,21,0.12085,0,0.0301212348456,0,0.17739,6.06592,1.604,0.00787,1
186,0,0.161,0.0,0.01941,1.0,0.0,234,2,0.0,1,15.0,22,0.12431,0,0.0194129613484,0,0.18446,5.73944,1.504,0.00538,1
2,0,0,0.0,1.0,1.0,0.0,1,2,0.0,1,1.0,1,1.0,0,1.0,0,0.0,1.54308,1.0,0.5,1
148,0,0.17,0.0,0.02528,1.0,0.0,196,2,0.0,1,13.0,19,0.13391,0,0.0252803824232,0,0.19376,6.09118,1.333,0.00676,1
221,0,0.111,0.0,0.01481,1.0,0.0,255,2,0.0,1,19.0,27,0.10327,0,0.0148087206911,0,0.13159,4.68551,1.315,0.00452,1
185,0,0.111,0.0,0.01827,1.0,0.0,215,2,0.0,1,16.0,21,0.11098,0,0.0182726204465,0,0.19377,5.0021,1.239,0.00541,1
174,0,0.175,0.0,0.01907,1.0,0.0,200,2,0.0,1,26.0,33,0.07176,0,0.0190685004319,0,0.14889,4.70721,1.212,0.00575,1
165,0,0.056,0.0,0.01936,1.0,0.0,182,2,0.0,1,31.0,43,0.06611,0,0.0193643754619,0,0.14512,4.44568,1.116,0.00606,1
139,0,0.007,0.0,0.0245,1.0,0.0,164,2,0.0,1,23.0,31,0.09288,0,0.0245021374205,0,0.16863,4.95418,1.063,0.00719,1
126,0,0.409,0.0,0.02908,1.0,0.0,152,2,0.0,1,18.0,24,0.11797,0,0.0290793650794,0,0.19593,5.80842,1.115,0.00794,1
157,0,0.107,0.0,0.0209,1.0,0.0,177,2,0.0,1,31.0,39,0.06337,0,0.020904785236,0,0.13942,4.71704,1.089,0.00637,1
166,0,0.116,0.0,0.01986,1.0,0.0,183,2,0.0,1,26.0,34,0.07551,0,0.0198612632348,0,0.12784,4.66447,1.269,0.00602,1
177,0,0.07,0.0,0.01862,1.0,0.0,195,2,0.0,1,53.0,68,0.03925,0,0.0186183872625,0,0.12434,4.67222,1.033,0.00565,1
142,0,0.185,0.0,0.02417,1.0,0.0,164,2,0.0,1,43.0,56,0.05705,0,0.0241734092498,0,0.11807,4.99924,1.046,0.00704,1
171,0,0.221,0.0,0.01961,1.0,0.0,189,2,0.0,1,48.0,63,0.04405,0,0.0196078431373,0,0.14727,4.85041,1.052,0.00585,1
132,0,0.117,0.0,0.02487,1.0,0.0,147,2,0.0,1,29.0,38,0.06618,0,0.0248669905158,0,0.21161,4.66006,1.193,0.00758,1
170,0,0.082,0.0,0.02095,1.0,0.0,203,2,0.0,1,19.0,27,0.10022,0,0.0209537069266,0,0.17377,5.3002,1.294,0.00588,1
163,0,0.082,0.0,0.01962,1.0,0.0,180,2,0.0,1,23.0,28,0.08075,0,0.0196167537681,0,0.14006,4.56861,1.403,0.00613,1
195,0,0.113,0.0,0.01655,1.0,0.0,212,2,0.0,1,70.0,88,0.03029,0,0.0165477134549,0,0.15959,4.54027,1.06,0.00513,1
171,0,0.214,0.0,0.0203,1.0,0.0,212,2,0.0,1,22.0,30,0.09455,0,0.0202958376333,0,0.20899,5.09416,1.315,0.00585,1
169,0,0.16,0.0,0.01958,1.0,0.0,188,2,0.0,1,29.0,39,0.06857,0,0.0195829811214,0,0.17065,4.74414,1.325,0.00592,1
168,0,0.046,0.0,0.02032,1.0,0.0,188,2,0.0,1,35.0,47,0.06045,0,0.0203165098375,0,0.18479,4.91302,1.084,0.00595,1
186,0,0.094,0.0,0.01872,1.0,0.0,230,2,0.0,1,21.0,31,0.09491,0,0.0187154896832,0,0.18157,5.18383,1.459,0.00538,1
229,0,0.081,0.0,0.01498,1.0,0.0,277,2,0.0,1,19.0,27,0.09889,0,0.0149773998315,0,0.15057,4.99583,1.423,0.00437,1
178,0,0.12,0.0,0.02012,1.0,0.0,228,2,0.0,1,18.0,24,0.10701,0,0.0201231511458,0,0.23365,5.58671,1.359,0.00562,1
150,0,0.376,0.0,0.0255,1.0,0.0,182,2,0.0,1,18.0,25,0.1032,0,0.0255033557047,0,0.25058,6.24344,1.257,0.00667,1
196,0,0.175,0.0,0.01805,1.0,0.0,238,2,0.0,1,17.0,24,0.11608,0,0.0180533751962,0,0.1701,5.2379,1.325,0.0051,1
195,0,0.236,0.0,0.01644,1.0,0.0,219,2,0.0,1,30.0,37,0.06657,0,0.0164419772667,0,0.14019,4.57107,1.338,0.00513,1
200,0,0.075,0.0,0.01704,1.0,0.0,233,2,0.0,1,28.0,36,0.08152,0,0.0170351758794,0,0.18044,5.02551,1.398,0.005,1
211,0,0.049,0.0,0.01571,1.0,0.0,248,2,0.0,1,22.0,28,0.08968,0,0.0157075152336,0,0.108,4.67117,1.542,0.00474,1
166,0,0.027,0.0,0.02037,1.0,0.0,191,2,0.0,1,31.0,40,0.0819,0,0.0203723986857,0,0.1236,4.98781,1.138,0.00602,1
137,0,0.105,0.0,0.02598,1.0,0.0,167,2,0.0,1,22.0,28,0.10489,0,0.0259768140833,0,0.13388,5.4317,1.259,0.0073,1
117,0,0.139,0.0,0.02977,1.0,0.0,144,2,0.0,1,28.0,37,0.07505,0,0.0297671676982,0,0.20384,5.68415,1.096,0.00855,1
148,0,0.107,0.0,0.02252,1.0,0.0,170,2,0.0,1,30.0,40,0.06664,0,0.0225225225225,0,0.22316,4.87225,1.062,0.00676,1
205,0,0.06,0.0,0.01707,1.0,0.0,256,2,0.0,1,17.0,25,0.10812,0,0.0170731707317,0,0.14505,5.19015,1.402,0.00488,1
155,0,0.037,0.0,0.02237,1.0,0.0,182,2,0.0,1,30.0,41,0.07499,0,0.0223711772099,0,0.20019,5.24963,1.119,0.00645,1
161,0,-0.021,0.0,0.0212,1.0,0.0,184,2,0.0,1,40.0,51,0.04937,0,0.0211956521739,0,0.11825,4.9995,1.053,0.00621,1
161,0,0.213,0.0,0.02228,1.0,0.0,197,2,0.0,1,22.0,30,0.10062,0,0.0222826086957,0,0.14406,5.39616,1.484,0.00621,1
123,0,0.031,0.0,0.02812,1.0,0.0,144,2,0.0,1,25.0,33,0.09887,0,0.0281220844995,0,0.21392,5.11998,1.145,0.00813,1
202,0,0.146,0.0,0.01685,1.0,0.0,228,2,0.0,1,22.0,29,0.08129,0,0.0168464607655,0,0.14526,5.12846,1.283,0.00495,1
149,0,0.138,0.0,0.02458,1.0,0.0,189,2,0.0,1,16.0,23,0.12648,0,0.0245782695447,0,0.26617,5.73425,1.372,0.00671,1
155,0,0.077,0.0,0.02237,1.0,0.0,179,2,0.0,1,30.0,36,0.07731,0,0.0223711772099,0,0.23505,5.17262,1.13,0.00645,1
172,0,0.164,0.0,0.01972,1.0,0.0,203,2,0.0,1,24.0,31,0.08205,0,0.0197198422413,0,0.17029,5.02932,1.324,0.00581,1
127,0,0.041,0.0,0.03012,1.0,0.0,167,2,0.0,1,16.0,21,0.12085,0,0.0301212348456,0,0.17739,6.06592,1.604,0.00787,1
186,0,0.161,0.0,0.01941,1.0,0.0,234,2,0.0,1,15.0,22,0.12431,0,0.0194129613484,0,0.18446,5.73944,1.504,0.00538,1
2,0,0,0.0,1.0,1.0,0.0,1,2,0.0,1,1.0,1,1.0,0,1.0,0,0.0,1.54308,1.0,0.5,1
148,0,0.17,0.0,0.02528,1.0,0.0,196,2,0.0,1,13.0,19,0.13391,0,0.0252803824232,0,0.19376,6.09118,1.333,0.00676,1
221,0,0.111,0.0,0.01481,1.0,0.0,255,2,0.0,1,19.0,27,0.10327,0,0.0148087206911,0,0.13159,4.68551,1.315,0.00452,1
185,0,0.111,0.0,0.01827,1.0,0.0,215,2,0.0,1,16.0,21,0.11098,0,0.0182726204465,0,0.19377,5.0021,1.239,0.00541,1
174,0,0.175,0.0,0.01907,1.0,0.0,200,2,0.0,1,26.0,33,0.07176,0,0.0190685004319,0,0.14889,4.70721,1.212,0.00575,1
165,0,0.056,0.0,0.01936,1.0,0.0,182,2,0.0,1,31.0,43,0.06611,0,0.0193643754619,0,0.14512,4.44568,1.116,0.00606,1
139,0,0.007,0.0,0.0245,1.0,0.0,164,2,0.0,1,23.0,31,0.09288,0,0.0245021374205,0,0.16863,4.95418,1.063,0.00719,1
126,0,0.409,0.0,0.02908,1.0,0.0,152,2,0.0,1,18.0,24,0.11797,0,0.0290793650794,0,0.19593,5.80842,1.115,0.00794,1
157,0,0.107,0.0,0.0209,1.0,0.0,177,2,0.0,1,31.0,39,0.06337,0,0.020904785236,0,0.13942,4.71704,1.089,0.00637,1
166,0,0.116,0.0,0.01986,1.0,0.0,183,2,0.0,1,26.0,34,0.07551,0,0.0198612632348,0,0.12784,4.66447,1.269,0.00602,1
177,0,0.07,0.0,0.01862,1.0,0.0,195,2,0.0,1,53.0,68,0.03925,0,0.0186183872625,0,0.12434,4.67222,1.033,0.00565,1
142,0,0.185,0.0,0.02417,1.0,0.0,164,2,0.0,1,43.0,56,0.05705,0,0.0241734092498,0,0.11807,4.99924,1.046,0.00704,1
171,0,0.221,0.0,0.01961,1.0,0.0,189,2,0.0,1,48.0,63,0.04405,0,0.0196078431373,0,0.14727,4.85041,1.052,0.00585,1
132,0,0.117,0.0,0.02487,1.0,0.0,147,2,0.0,1,29.0,38,0.06618,0,0.0248669905158,0,0.21161,4.66006,1.193,0.00758,1
170,0,0.082,0.0,0.02095,1.0,0.0,203,2,0.0,1,19.0,27,0.10022,0,0.0209537069266,0,0.17377,5.3002,1.294,0.00588,1
163,0,0.082,0.0,0.01962,1.0,0.0,180,2,0.0,1,23.0,28,0.08075,0,0.0196167537681,0,0.14006,4.56861,1.403,0.00613,1
195,0,0.113,0.0,0.01655,1.0,0.0,212,2,0.0,1,70.0,88,0.03029,0,0.0165477134549,0,0.15959,4.54027,1.06,0.00513,1
171,0,0.214,0.0,0.0203,1.0,0.0,212,2,0.0,1,22.0,30,0.09455,0,0.0202958376333,0,0.20899,5.09416,1.315,0.00585,1
169,0,0.16,0.0,0.01958,1.0,0.0,188,2,0.0,1,29.0,39,0.06857,0,0.0195829811214,0,0.17065,4.74414,1.325,0.00592,1
168,0,0.046,0.0,0.02032,1.0,0.0,188,2,0.0,1,35.0,47,0.06045,0,0.0203165098375,0,0.18479,4.91302,1.084,0.00595,1
186,0,0.094,0.0,0.01872,1.0,0.0,230,2,0.0,1,21.0,31,0.09491,0,0.0187154896832,0,0.18157,5.18383,1.459,0.00538,1
