973,0,-0.18,0.0,0.00478,2.0,0.0,2259,2,0.0,1,0,0,0,0,0,0,0,0,0,0,1
746,0,-0.184,0.0,0.00628,2.0,0.0,1745,2,0.0,1,0,0,0,0,0,0,0,0,0,0,1
1142,0,-0.182,0.0,0.00424,2.0,0.0,2762,2,0.0,1,0,0,0,0,0,0,0,0,0,0,1
733,0,-0.183,0.0,0.00644,2.0,0.0,1728,2,0.0,1,0,0,0,0,0,0,0,0,0,0,1
1137,0,-0.184,0.0,0.00426,2.0,0.0,2753,2,0.0,1,0,0,0,0,0,0,0,0,0,0,1
679,0,-0.177,0.0,0.00679,2.0,0.0,1564,2,0.0,1,0,0,0,0,0,0,0,0,0,0,1
1450,0,-0.194,0.0,0.00346,2.0,0.0,3633,2,0.0,1,0,0,0,0,0,0,0,0,0,0,1
919,0,-0.204,0.0,0.00531,2.0,0.0,2241,2,0.0,1,0,0,0,0,0,0,0,0,0,0,1
663,0,-0.181,0.0,0.00699,2.0,0.0,1535,2,0.0,1,0,0,0,0,0,0,0,0,0,0,1
1035,0,-0.196,0.0,0.00472,2.0,0.0,2523,2,0.0,1,0,0,0,0,0,0,0,0,0,0,1
1849,0,-0.178,0.0,0.0026,2.0,0.0,4448,2,0.0,1,0,0,0,0,0,0,0,0,0,0,1
754,0,-0.182,0.0,0.00618,2.0,0.0,1753,2,0.0,1,0,0,0,0,0,0,0,0,0,0,1
1355,0,-0.191,0.0,0.00356,2.0,0.0,3269,2,0.0,1,0,0,0,0,0,0,0,0,0,0,1
1085,0,-0.19,0.0,0.00446,2.0,0.0,2621,2,0.0,1,0,0,0,0,0,0,0,0,0,0,1
1124,0,-0.185,0.0,0.00433,2.0,0.0,2735,2,0.0,1,0,0,0,0,0,0,0,0,0,0,1
1037,0,-0.2,0.0,0.00454,2.0,0.0,2438,2,0.0,1,7.0,11,0.22862,0,0.00453863423969,0,0.15449,9988.15349,2.613,0.00096,1
968,0,-0.191,0.0,0.00491,2.0,0.0,2297,2,0.0,1,0,0,0,0,0,0,0,0,0,0,1
1463,0,-0.192,0.0,0.00326,2.0,0.0,3485,2,0.0,1,0,0,0,0,0,0,0,0,0,0,1
1361,0,-0.207,0.0,0.0036,2.0,0.0,3333,2,0.0,1,0,0,0,0,0,0,0,0,0,0,1
902,0,-0.183,0.0,0.00525,2.0,0.0,2132,2,0.0,1,0,0,0,0,0,0,0,0,0,0,1
409,0,-0.191,0.0,0.01109,2.0,0.0,925,2,0.0,1,0,0,0,0,0,0,0,0,0,0,1
1020,0,-0.2,0.0,0.00475,2.0,0.0,2466,2,0.0,1,0,0,0,0,0,0,0,0,0,0,1
901,0,-0.187,0.0,0.00519,2.0,0.0,2103,2,0.0,1,0,0,0,0,0,0,0,0,0,0,1
1879,0,-0.177,0.0,0.00254,2.0,0.0,4478,2,0.0,1,0,0,0,0,0,0,0,0,0,0,1
1086,0,-0.19,0.0,0.00443,2.0,0.0,2610,2,0.0,1,0,0,0,0,0,0,0,0,0,0,1
1085,0,-0.189,0.0,0.00446,2.0,0.0,2624,2,0.0,1,0,0,0,0,0,0,0,0,0,0,1
983,0,-0.192,0.0,0.00495,2.0,0.0,2388,2,0.0,1,0,0,0,0,0,0,0,0,0,0,1
2132,0,-0.177,0.0,0.00225,2.0,0.0,5114,2,0.0,1,0,0,0,0,0,0,0,0,0,0,1
1461,0,-0.191,0.0,0.00327,2.0,0.0,3492,2,0.0,1,0,0,0,0,0,0,0,0,0,0,1
1256,0,-0.199,0.0,0.00386,2.0,0.0,3043,2,0.0,1,0,0,0,0,0,0,0,0,0,0,1
1029,0,-0.202,0.0,0.00458,2.0,0.0,2425,2,0.0,1,7.0,10,0.22923,0,0.00458493569746,0,0.15203,10097.65219,2.607,0.00097,1
439,0,-0.152,0.0,0.00963,2.0,0.0,926,2,0.0,1,0,0,0,0,0,0,0,0,0,0,1
1011,0,-0.202,0.0,0.00479,2.0,0.0,2447,2,0.0,1,0,0,0,0,0,0,0,0,0,0,1
409,0,-0.191,0.0,0.01107,2.0,0.0,924,2,0.0,1,0,0,0,0,0,0,0,0,0,0,1
815,0,-0.191,0.0,0.00585,2.0,0.0,1941,2,0.0,1,0,0,0,0,0,0,0,0,0,0,1
486,0,-0.183,0.0,0.00969,2.0,0.0,1142,2,0.0,1,0,0,0,0,0,0,0,0,0,0,1
1671,0,-0.195,0.0,0.00287,2.0,0.0,4002,2,0.0,1,0,0,0,0,0,0,0,0,0,0,1
888,0,-0.191,0.0,0.00526,2.0,0.0,2072,2,0.0,1,0,0,0,0,0,0,0,0,0,0,1
1033,0,-0.187,0.0,0.00456,2.0,0.0,2430,2,0.0,1,0,0,0,0,0,0,0,0,0,0,1
1377,0,-0.204,0.0,0.00356,2.0,0.0,3370,2,0.0,1,0,0,0,0,0,0,0,0,0,0,1
647,0,-0.173,0.0,0.00708,2.0,0.0,1480,2,0.0,1,0,0,0,0,0,0,0,0,0,0,1
1364,0,-0.189,0.0,0.00354,2.0,0.0,3290,2,0.0,1,0,0,0,0,0,0,0,0,0,0,1
2147,0,-0.176,0.0,0.00223,2.0,0.0,5132,2,0.0,1,0,0,0,0,0,0,0,0,0,0,1
1458,0,-0.194,0.0,0.00343,2.0,0.0,3638,2,0.0,1,0,0,0,0,0,0,0,0,0,0,1
650,0,-0.172,0.0,0.00702,2.0,0.0,1480,2,0.0,1,0,0,0,0,0,0,0,0,0,0,1
451,0,-0.164,0.0,0.00985,2.0,0.0,1000,2,0.0,1,0,0,0,0,0,0,0,0,0,0,1
446,0,-0.15,0.0,0.0094,2.0,0.0,933,2,0.0,1,0,0,0,0,0,0,0,0,0,0,1
387,0,-0.151,0.0,0.01052,2.0,0.0,786,2,0.0,1,0,0,0,0,0,0,0,0,0,0,1
447,0,-0.15,0.0,0.00937,2.0,0.0,934,2,0.0,1,0,0,0,0,0,0,0,0,0,0,1
1006,0,-0.192,0.0,0.00472,2.0,0.0,2385,2,0.0,1,0,0,0,0,0,0,0,0,0,0,1
451,0,-0.164,0.0,0.00985,2.0,0.0,1000,2,0.0,1,0,0,0,0,0,0,0,0,0,0,1
2188,0,-0.182,0.0,0.00222,2.0,0.0,5307,2,0.0,1,0,0,0,0,0,0,0,0,0,0,1
1043,0,-0.196,0.0,0.00463,2.0,0.0,2518,2,0.0,1,0,0,0,0,0,0,0,0,0,0,1
392,0,-0.167,0.0,0.01105,2.0,0.0,847,2,0.0,1,0,0,0,0,0,0,0,0,0,0,1
483,0,-0.183,0.0,0.00979,2.0,0.0,1140,2,0.0,1,0,0,0,0,0,0,0,0,0,0,1
1214,0,-0.187,0.0,0.00384,2.0,0.0,2826,2,0.0,1,0,0,0,0,0,0,0,0,0,0,1
811,0,-0.191,0.0,0.0059,2.0,0.0,1937,2,0.0,1,0,0,0,0,0,0,0,0,0,0,1
1849,0,-0.18,0.0,0.00259,2.0,0.0,4422,2,0.0,1,0,0,0,0,0,0,0,0,0,0,1
1211,0,-0.187,0.0,0.00385,2.0,0.0,2820,2,0.0,1,0,0,0,0,0,0,0,0,0,0,1
894,0,-0.185,0.0,0.00529,2.0,0.0,2111,2,0.0,1,0,0,0,0,0,0,0,0,0,0,1
745,0,-0.183,0.0,0.0063,2.0,0.0,1747,2,0.0,1,0,0,0,0,0,0,0,0,0,0,1
969,0,-0.193,0.0,0.00486,2.0,0.0,2278,2,0.0,1,0,0,0,0,0,0,0,0,0,0,1
920,0,-0.194,0.0,0.00517,2.0,0.0,2185,2,0.0,1,0,0,0,0,0,0,0,0,0,0,1
974,0,-0.191,0.0,0.00484,2.0,0.0,2294,2,0.0,1,0,0,0,0,0,0,0,0,0,0,1
1017,0,-0.169,0.0,0.00464,2.0,0.0,2395,2,0.0,1,0,0,0,0,0,0,0,0,0,0,1
1048,0,-0.194,0.0,0.00463,2.0,0.0,2542,2,0.0,1,0,0,0,0,0,0,0,0,0,0,1
1036,0,-0.2,0.0,0.00457,2.0,0.0,2451,2,0.0,1,0,0,0,0,0,0,0,0,0,0,1
1019,0,-0.188,0.0,0.00468,2.0,0.0,2426,2,0.0,1,0,0,0,0,0,0,0,0,0,0,1
1027,0,-0.188,0.0,0.00461,2.0,0.0,2429,2,0.0,1,0,0,0,0,0,0,0,0,0,0,1
1386,0,-0.181,0.0,0.00337,2.0,0.0,3235,2,0.0,1,0,0,0,0,0,0,0,0,0,0,1
930,0,-0.202,0.0,0.00521,2.0,0.0,2249,2,0.0,1,0,0,0,0,0,0,0,0,0,0,1
387,0,-0.151,0.0,0.01052,2.0,0.0,786,2,0.0,1,0,0,0,0,0,0,0,0,0,0,1
673,0,-0.179,0.0,0.00685,2.0,0.0,1550,2,0.0,1,0,0,0,0,0,0,0,0,0,0,1
387,0,-0.152,0.0,0.01051,2.0,0.0,785,2,0.0,1,0,0,0,0,0,0,0,0,0,0,1
749,0,-0.182,0.0,0.00626,2.0,0.0,1753,2,0.0,1,0,0,0,0,0,0,0,0,0,0,1
2194,0,-0.182,0.0,0.0022,2.0,0.0,5295,2,0.0,1,0,0,0,0,0,0,0,0,0,0,1
467,0,-0.184,0.0,0.00994,2.0,0.0,1082,2,0.0,1,0,0,0,0,0,0,0,0,0,0,1
1438,0,-0.195,0.0,0.00349,2.0,0.0,3608,2,0.0,1,0,0,0,0,0,0,0,0,0,0,1
1434,0,-0.197,0.0,0.0035,2.0,0.0,3601,2,0.0,1,0,0,0,0,0,0,0,0,0,0,1
1375,0,-0.206,0.0,0.00355,2.0,0.0,3353,2,0.0,1,0,0,0,0,0,0,0,0,0,0,1
915,0,-0.195,0.0,0.0052,2.0,0.0,2176,2,0.0,1,0,0,0,0,0,0,0,0,0,0,1
467,0,-0.181,0.0,0.00941,2.0,0.0,1024,2,0.0,1,0,0,0,0,0,0,0,0,0,0,1
2125,0,-0.183,0.0,0.00228,2.0,0.0,5147,2,0.0,1,0,0,0,0,0,0,0,0,0,0,1
409,0,-0.191,0.0,0.01107,2.0,0.0,924,2,0.0,1,0,0,0,0,0,0,0,0,0,0,1
2195,0,-0.181,0.0,0.00221,2.0,0.0,5324,2,0.0,1,0,0,0,0,0,0,0,0,0,0,1
1047,0,-0.186,0.0,0.00453,2.0,0.0,2480,2,0.0,1,0,0,0,0,0,0,0,0,0,0,1
1399,0,-0.179,0.0,0.00334,2.0,0.0,3268,2,0.0,1,0,0,0,0,0,0,0,0,0,0,1
1236,0,-0.181,0.0,0.00379,2.0,0.0,2895,2,0.0,1,0,0,0,0,0,0,0,0,0,0,1
2172,0,-0.175,0.0,0.00219,2.0,0.0,5166,2,0.0,1,0,0,0,0,0,0,0,0,0,0,1
978,0,-0.194,0.0,0.00496,2.0,0.0,2368,2,0.0,1,0,0,0,0,0,0,0,0,0,0,1
383,0,-0.153,0.0,0.01066,2.0,0.0,780,2,0.0,1,0,0,0,0,0,0,0,0,0,0,1
742,0,-0.181,0.0,0.00633,2.0,0.0,1739,2,0.0,1,0,0,0,0,0,0,0,0,0,0,1
1244,0,-0.18,0.0,0.00375,2.0,0.0,2899,2,0.0,1,0,0,0,0,0,0,0,0,0,0,1
467,0,-0.181,0.0,0.00943,2.0,0.0,1026,2,0.0,1,0,0,0,0,0,0,0,0,0,0,1
1254,0,-0.199,0.0,0.00388,2.0,0.0,3047,2,0.0,1,0,0,0,0,0,0,0,0,0,0,1
1669,0,-0.197,0.0,0.00285,2.0,0.0,3969,2,0.0,1,0,0,0,0,0,0,0,0,0,0,1
1678,0,-0.196,0.0,0.00284,2.0,0.0,3998,2,0.0,1,0,0,0,0,0,0,0,0,0,0,1
1850,0,-0.18,0.0,0.00258,2.0,0.0,4409,2,0.0,1,0,0,0,0,0,0,0,0,0,0,1
1036,0,-0.197,0.0,0.00469,2.0,0.0,2516,2,0.0,1,0,0,0,0,0,0,0,0,0,0,1
1008,0,-0.171,0.0,0.00469,2.0,0.0,2382,2,0.0,1,0,0,0,0,0,0,0,0,0,0,1
465,0,-0.184,0.0,0.01002,2.0,0.0,1081,2,0.0,1,0,0,0,0,0,0,0,0,0,0,1
1138,0,-0.184,0.0,0.00426,2.0,0.0,2755,2,0.0,1,0,0,0,0,0,0,0,0,0,0,1
801,0,-0.196,0.0,0.00595,2.0,0.0,1907,2,0.0,1,0,0,0,0,0,0,0,0,0,0,1
988,0,-0.178,0.0,0.00467,2.0,0.0,2278,2,0.0,1,0,0,0,0,0,0,0,0,0,0,1
728,0,-0.183,0.0,0.00653,2.0,0.0,1728,2,0.0,1,0,0,0,0,0,0,0,0,0,0,1
2076,0,-0.18,0.0,0.00231,2.0,0.0,4975,2,0.0,1,0,0,0,0,0,0,0,0,0,0,1
1257,0,-0.199,0.0,0.00386,2.0,0.0,3047,2,0.0,1,0,0,0,0,0,0,0,0,0,0,1
899,0,-0.187,0.0,0.00521,2.0,0.0,2104,2,0.0,1,0,0,0,0,0,0,0,0,0,0,1
1045,0,-0.195,0.0,0.00464,2.0,0.0,2530,2,0.0,1,0,0,0,0,0,0,0,0,0,0,1
814,0,-0.191,0.0,0.00586,2.0,0.0,1940,2,0.0,1,0,0,0,0,0,0,0,0,0,0,1
1030,0,-0.2,0.0,0.0046,2.0,0.0,2438,2,0.0,1,0,0,0,0,0,0,0,0,0,0,1
2140,0,-0.179,0.0,0.00228,2.0,0.0,5223,2,0.0,1,0,0,0,0,0,0,0,0,0,0,1
927,0,-0.192,0.0,0.00511,2.0,0.0,2192,2,0.0,1,0,0,0,0,0,0,0,0,0,0,1
994,0,-0.19,0.0,0.00487,2.0,0.0,2403,2,0.0,1,0,0,0,0,0,0,0,0,0,0,1
923,0,-0.204,0.0,0.00526,2.0,0.0,2240,2,0.0,1,0,0,0,0,0,0,0,0,0,0,1
644,0,-0.174,0.0,0.0071,2.0,0.0,1469,2,0.0,1,0,0,0,0,0,0,0,0,0,0,1
1363,0,-0.188,0.0,0.00356,2.0,0.0,3305,2,0.0,1,0,0,0,0,0,0,0,0,0,0,1
674,0,-0.178,0.0,0.00687,2.0,0.0,1559,2,0.0,1,0,0,0,0,0,0,0,0,0,0,1
1065,0,-0.182,0.0,0.00443,2.0,0.0,2512,2,0.0,1,0,0,0,0,0,0,0,0,0,0,1
738,0,-0.183,0.0,0.00634,2.0,0.0,1724,2,0.0,1,0,0,0,0,0,0,0,0,0,0,1
881,0,-0.188,0.0,0.00538,2.0,0.0,2086,2,0.0,1,0,0,0,0,0,0,0,0,0,0,1
447,0,-0.149,0.0,0.00938,2.0,0.0,935,2,0.0,1,0,0,0,0,0,0,0,0,0,0,1
2054,0,-0.18,0.0,0.00236,2.0,0.0,4970,2,0.0,1,0,0,0,0,0,0,0,0,0,0,1
950,0,-0.198,0.0,0.00512,2.0,0.0,2309,2,0.0,1,0,0,0,0,0,0,0,0,0,0,1
467,0,-0.184,0.0,0.00994,2.0,0.0,1082,2,0.0,1,0,0,0,0,0,0,0,0,0,0,1
1450,0,-0.193,0.0,0.00331,2.0,0.0,3475,2,0.0,1,0,0,0,0,0,0,0,0,0,0,1
1447,0,-0.195,0.0,0.0033,2.0,0.0,3451,2,0.0,1,0,0,0,0,0,0,0,0,0,0,1
1003,0,-0.199,0.0,0.00488,2.0,0.0,2451,2,0.0,1,0,0,0,0,0,0,0,0,0,0,1
1016,0,-0.199,0.0,0.00476,2.0,0.0,2453,2,0.0,1,0,0,0,0,0,0,0,0,0,0,1
2131,0,-0.181,0.0,0.00228,2.0,0.0,5182,2,0.0,1,0,0,0,0,0,0,0,0,0,0,1
1013,0,-0.203,0.0,0.00477,2.0,0.0,2447,2,0.0,1,0,0,0,0,0,0,0,0,0,0,1
1375,0,-0.206,0.0,0.00355,2.0,0.0,3353,2,0.0,1,0,0,0,0,0,0,0,0,0,0,1
2141,0,-0.18,0.0,0.00228,2.0,0.0,5212,2,0.0,1,0,0,0,0,0,0,0,0,0,0,1
894,0,-0.19,0.0,0.00521,2.0,0.0,2078,2,0.0,1,0,0,0,0,0,0,0,0,0,0,1
1005,0,-0.172,0.0,0.00471,2.0,0.0,2374,2,0.0,1,0,0,0,0,0,0,0,0,0,0,1
1347,0,-0.19,0.0,0.0036,2.0,0.0,3265,2,0.0,1,0,0,0,0,0,0,0,0,0,0,1
1461,0,-0.193,0.0,0.00325,2.0,0.0,3467,2,0.0,1,0,0,0,0,0,0,0,0,0,0,1
686,0,-0.175,0.0,0.00669,2.0,0.0,1572,2,0.0,1,0,0,0,0,0,0,0,0,0,0,1
2092,0,-0.179,0.0,0.00229,2.0,0.0,5002,2,0.0,1,0,0,0,0,0,0,0,0,0,0,1
490,0,-0.182,0.0,0.00957,2.0,0.0,1146,2,0.0,1,0,0,0,0,0,0,0,0,0,0,1
946,0,-0.199,0.0,0.00514,2.0,0.0,2297,2,0.0,1,0,0,0,0,0,0,0,0,0,0,1
384,0,-0.153,0.0,0.01065,2.0,0.0,783,2,0.0,1,0,0,0,0,0,0,0,0,0,0,1
447,0,-0.166,0.0,0.00999,2.0,0.0,996,2,0.0,1,0,0,0,0,0,0,0,0,0,0,1
464,0,-0.185,0.0,0.01005,2.0,0.0,1080,2,0.0,1,0,0,0,0,0,0,0,0,0,0,1
1679,0,-0.194,0.0,0.00286,2.0,0.0,4023,2,0.0,1,0,0,0,0,0,0,0,0,0,0,1
1056,0,-0.184,0.0,0.00448,2.0,0.0,2496,2,0.0,1,0,0,0,0,0,0,0,0,0,0,1
390,0,-0.169,0.0,0.01109,2.0,0.0,841,2,0.0,1,0,0,0,0,0,0,0,0,0,0,1
1430,0,-0.196,0.0,0.00353,2.0,0.0,3611,2,0.0,1,0,0,0,0,0,0,0,0,0,0,1
1848,0,-0.18,0.0,0.00259,2.0,0.0,4418,2,0.0,1,0,0,0,0,0,0,0,0,0,0,1
2055,0,-0.181,0.0,0.00235,2.0,0.0,4951,2,0.0,1,0,0,0,0,0,0,0,0,0,0,1
3,0,-1.0,0.0,0.66667,1.0,0.0,2,2,0.0,1,0,0,0,0,0,0,0,0,0,0,1
409,0,-0.191,0.0,0.01106,2.0,0.0,923,2,0.0,1,0,0,0,0,0,0,0,0,0,0,1
466,0,-0.184,0.0,0.00998,2.0,0.0,1081,2,0.0,1,0,0,0,0,0,0,0,0,0,0,1
2135,0,-0.181,0.0,0.00228,2.0,0.0,5186,2,0.0,1,0,0,0,0,0,0,0,0,0,0,1
927,0,-0.202,0.0,0.00526,2.0,0.0,2257,2,0.0,1,0,0,0,0,0,0,0,0,0,0,1
485,0,-0.184,0.0,0.00968,2.0,0.0,1136,2,0.0,1,0,0,0,0,0,0,0,0,0,0,1
914,0,-0.195,0.0,0.0052,2.0,0.0,2169,2,0.0,1,0,0,0,0,0,0,0,0,0,0,1
465,0,-0.182,0.0,0.00949,2.0,0.0,1024,2,0.0,1,0,0,0,0,0,0,0,0,0,0,1
1063,0,-0.193,0.0,0.00458,2.0,0.0,2583,2,0.0,1,0,0,0,0,0,0,0,0,0,0,1
971,0,-0.18,0.0,0.00479,2.0,0.0,2257,2,0.0,1,0,0,0,0,0,0,0,0,0,0,1
1027,0,-0.188,0.0,0.00461,2.0,0.0,2427,2,0.0,1,0,0,0,0,0,0,0,0,0,0,1
2130,0,-0.178,0.0,0.00224,2.0,0.0,5082,2,0.0,1,0,0,0,0,0,0,0,0,0,0,1
1263,0,-0.198,0.0,0.00382,2.0,0.0,3048,2,0.0,1,0,0,0,0,0,0,0,0,0,0,1
954,0,-0.196,0.0,0.00511,2.0,0.0,2321,2,0.0,1,0,0,0,0,0,0,0,0,0,0,1
1224,0,-0.185,0.0,0.0038,2.0,0.0,2847,2,0.0,1,0,0,0,0,0,0,0,0,0,0,1
648,0,-0.174,0.0,0.00702,2.0,0.0,1472,2,0.0,1,0,0,0,0,0,0,0,0,0,0,1
800,0,-0.195,0.0,0.00599,2.0,0.0,1916,2,0.0,1,0,0,0,0,0,0,0,0,0,0,1
1010,0,-0.17,0.0,0.00468,2.0,0.0,2385,2,0.0,1,0,0,0,0,0,0,0,0,0,0,1
392,0,-0.167,0.0,0.01105,2.0,0.0,847,2,0.0,1,0,0,0,0,0,0,0,0,0,0,1
954,0,-0.198,0.0,0.00508,2.0,0.0,2310,2,0.0,1,0,0,0,0,0,0,0,0,0,0,1
1663,0,-0.198,0.0,0.00287,2.0,0.0,3961,2,0.0,1,0,0,0,0,0,0,0,0,0,0,1
392,0,-0.167,0.0,0.01105,2.0,0.0,847,2,0.0,1,0,0,0,0,0,0,0,0,0,0,1
5,0,-1.0,0.0,0.6,2.0,0.0,6,2,0.0,2,0,0,0,0,0,0,0,0,0,0,1
978,0,-0.195,0.0,0.00495,2.0,0.0,2365,2,0.0,1,0,0,0,0,0,0,0,0,0,0,1
1016,0,-0.171,0.0,0.00461,2.0,0.0,2378,2,0.0,1,0,0,0,0,0,0,0,0,0,0,1
638,0,-0.176,0.0,0.00717,2.0,0.0,1457,2,0.0,1,0,0,0,0,0,0,0,0,0,0,1
1363,0,-0.185,0.0,0.00343,2.0,0.0,3183,2,0.0,1,0,0,0,0,0,0,0,0,0,0,1
982,0,-0.192,0.0,0.00496,2.0,0.0,2388,2,0.0,1,0,0,0,0,0,0,0,0,0,0,1
967,0,-0.193,0.0,0.00488,2.0,0.0,2278,2,0.0,1,0,0,0,0,0,0,0,0,0,0,1
911,0,-0.181,0.0,0.00516,2.0,0.0,2139,2,0.0,1,0,0,0,0,0,0,0,0,0,0,1
929,0,-0.202,0.0,0.00523,2.0,0.0,2254,2,0.0,1,0,0,0,0,0,0,0,0,0,0,1
1013,0,-0.199,0.0,0.00479,2.0,0.0,2454,2,0.0,1,0,0,0,0,0,0,0,0,0,0,1
953,0,-0.199,0.0,0.00507,2.0,0.0,2301,2,0.0,1,0,0,0,0,0,0,0,0,0,0,1
1079,0,-0.191,0.0,0.00448,2.0,0.0,2603,2,0.0,1,0,0,0,0,0,0,0,0,0,0,1
2062,0,-0.18,0.0,0.00234,2.0,0.0,4975,2,0.0,1,0,0,0,0,0,0,0,0,0,0,1
2110,0,-0.178,0.0,0.00229,2.0,0.0,5106,2,0.0,1,0,0,0,0,0,0,0,0,0,0,1
409,0,-0.191,0.0,0.01109,2.0,0.0,925,2,0.0,1,0,0,0,0,0,0,0,0,0,0,1
1368,0,-0.183,0.0,0.00344,2.0,0.0,3215,2,0.0,1,0,0,0,0,0,0,0,0,0,0,1
1013,0,-0.203,0.0,0.00477,2.0,0.0,2446,2,0.0,1,0,0,0,0,0,0,0,0,0,0,1
391,0,-0.167,0.0,0.0111,2.0,0.0,846,2,0.0,1,0,0,0,0,0,0,0,0,0,0,1
893,0,-0.189,0.0,0.00527,2.0,0.0,2099,2,0.0,1,0,0,0,0,0,0,0,0,0,0,1
1391,0,-0.203,0.0,0.0035,2.0,0.0,3386,2,0.0,1,0,0,0,0,0,0,0,0,0,0,1
465,0,-0.181,0.0,0.0095,2.0,0.0,1025,2,0.0,1,0,0,0,0,0,0,0,0,0,0,1
442,0,-0.152,0.0,0.00952,2.0,0.0,928,2,0.0,1,0,0,0,0,0,0,0,0,0,0,1
970,0,-0.181,0.0,0.00479,2.0,0.0,2249,2,0.0,1,0,0,0,0,0,0,0,0,0,0,1
1047,0,-0.186,0.0,0.00454,2.0,0.0,2486,2,0.0,1,0,0,0,0,0,0,0,0,0,0,1
1131,0,-0.185,0.0,0.00428,2.0,0.0,2735,2,0.0,1,0,0,0,0,0,0,0,0,0,0,1
966,0,-0.181,0.0,0.00483,2.0,0.0,2253,2,0.0,1,0,0,0,0,0,0,0,0,0,0,1
927,0,-0.192,0.0,0.00511,2.0,0.0,2193,2,0.0,1,0,0,0,0,0,0,0,0,0,0,1
964,0,-0.193,0.0,0.00491,2.0,0.0,2279,2,0.0,1,0,0,0,0,0,0,0,0,0,0,1
2177,0,-0.183,0.0,0.00223,2.0,0.0,5288,2,0.0,1,0,0,0,0,0,0,0,0,0,0,1
1259,0,-0.198,0.0,0.00387,2.0,0.0,3062,2,0.0,1,0,0,0,0,0,0,0,0,0,0,1
1015,0,-0.2,0.0,0.0048,2.0,0.0,2470,2,0.0,1,0,0,0,0,0,0,0,0,0,0,1
883,0,-0.186,0.0,0.0054,2.0,0.0,2101,2,0.0,1,0,0,0,0,0,0,0,0,0,0,1
1039,0,-0.198,0.0,0.00457,2.0,0.0,2462,2,0.0,1,8.0,11,0.22834,0,0.00456567657133,0,0.15476,10032.50442,0,0.00096,1
1389,0,-0.18,0.0,0.00336,2.0,0.0,3241,2,0.0,1,0,0,0,0,0,0,0,0,0,0,1
448,0,-0.165,0.0,0.00996,2.0,0.0,997,2,0.0,1,0,0,0,0,0,0,0,0,0,0,1
2194,0,-0.182,0.0,0.0022,2.0,0.0,5295,2,0.0,1,0,0,0,0,0,0,0,0,0,0,1
1350,0,-0.189,0.0,0.0036,2.0,0.0,3277,2,0.0,1,0,0,0,0,0,0,0,0,0,0,1
462,0,-0.182,0.0,0.0096,2.0,0.0,1022,2,0.0,1,0,0,0,0,0,0,0,0,0,0,1
1007,0,-0.2,0.0,0.00483,2.0,0.0,2448,2,0.0,1,0,0,0,0,0,0,0,0,0,0,1
1010,0,-0.198,0.0,0.00484,2.0,0.0,2467,2,0.0,1,0,0,0,0,0,0,0,0,0,0,1
489,0,-0.182,0.0,0.0096,2.0,0.0,1145,2,0.0,1,0,0,0,0,0,0,0,0,0,0,1
736,0,-0.183,0.0,0.00637,2.0,0.0,1723,2,0.0,1,0,0,0,0,0,0,0,0,0,0,1
1058,0,-0.185,0.0,0.00445,2.0,0.0,2487,2,0.0,1,0,0,0,0,0,0,0,0,0,0,1
155,0,0.199,0.0,0.02245,1.0,0.0,183,2,0.0,1,26.0,33,0.08578,0,0.0224549643904,0,0.21339,5.24067,1.227,0.00645,1
118,0,0.151,0.0,0.02868,1.0,0.0,139,2,0.0,1,32.0,44,0.06861,0,0.0286831812256,0,0.21417,5.0684,1.025,0.00847,1
186,0,-0.006,0.0,0.01825,1.0,0.0,226,2,0.0,1,20.0,26,0.09824,0,0.0182505085731,0,0.15111,5.01062,1.522,0.00538,1
765,0,-0.354,0.0,0.00548,2.0,0.0,1600,2,0.0,1,7.0,10,0.24749,0,0.00547513944496,0,0.14578,12098.64149,1.854,0.00131,1
7,0,-0.125,0.0,0.61905,1.0,0.0,6,2,0.0,1,3.0,4,0.45584,0,0.619047619048,0,0.74026,5.77859,1.0,0.14286,1
197,0,0.145,0.0,0.01911,1.0,0.0,272,2,0.0,1,13.0,19,0.1458,0,0.019113229048,0,0.1478,5.94282,1.689,0.00508,1
178,0,0.24,0.0,0.01904,1.0,0.0,225,2,0.0,1,18.0,25,0.106,0,0.0190439916206,0,0.2021,5.1364,1.464,0.00562,1
159,0,0.019,0.0,0.0199,1.0,0.0,177,2,0.0,1,42.0,55,0.04981,0,0.019902873975,0,0.14558,4.46961,1.071,0.00629,1
173,0,0.217,0.0,0.02016,1.0,0.0,216,2,0.0,1,15.0,20,0.11868,0,0.0201640005377,0,0.14847,5.10058,1.475,0.00578,1
135,0,0.223,0.0,0.02676,1.0,0.0,170,2,0.0,1,13.0,17,0.13668,0,0.0267551133223,0,0.1925,5.4023,1.245,0.00741,1
211,0,0.164,0.0,0.01607,1.0,0.0,247,2,0.0,1,18.0,25,0.10109,0,0.0160686075378,0,0.09455,4.83394,1.464,0.00474,1
151,0,0.089,0.0,0.02287,1.0,0.0,176,2,0.0,1,33.0,41,0.08169,0,0.0228697571744,0,0.11529,5.02664,1.116,0.00662,1
161,0,0.003,0.0,0.02143,1.0,0.0,185,2,0.0,1,52.0,72,0.04472,0,0.0214285714286,0,0.16827,5.06592,1.013,0.00621,1
202,0,0.164,0.0,0.01645,1.0,0.0,234,2,0.0,1,29.0,40,0.06834,0,0.0164523915078,0,0.14615,4.7298,1.508,0.00495,1
200,0,0.116,0.0,0.01658,1.0,0.0,235,2,0.0,1,26.0,35,0.07249,0,0.0165829145729,0,0.14725,4.74833,1.413,0.005,1
163,0,0.155,0.0,0.02212,1.0,0.0,207,2,0.0,1,12.0,16,0.13789,0,0.0221161857154,0,0.16251,5.50517,1.515,0.00613,1
193,0,0.059,0.0,0.01819,1.0,0.0,233,2,0.0,1,23.0,32,0.09189,0,0.0181886873921,0,0.17737,5.39273,1.308,0.00518,1
178,0,0.239,0.0,0.02012,1.0,0.0,216,2,0.0,1,15.0,21,0.12398,0,0.0201231511458,0,0.17249,5.51188,1.408,0.00562,1
236,0,0.134,0.0,0.01374,1.0,0.0,273,2,0.0,1,24.0,33,0.08056,0,0.0137396321673,0,0.10055,4.63,1.38,0.00424,1
148,0,0.144,0.0,0.02464,1.0,0.0,184,2,0.0,1,20.0,26,0.0914,0,0.0246368817797,0,0.21941,5.8018,1.38,0.00676,1
168,0,0.207,0.0,0.02067,1.0,0.0,208,2,0.0,1,17.0,24,0.11021,0,0.0206729398346,0,0.19925,5.15578,1.243,0.00595,1
169,0,0.184,0.0,0.02078,1.0,0.0,212,2,0.0,1,19.0,25,0.09716,0,0.0207805015497,0,0.19953,5.17999,1.534,0.00592,1
141,0,0.19,0.0,0.02806,1.0,0.0,200,2,0.0,1,13.0,18,0.14539,0,0.0280648429585,0,0.19826,6.71931,1.485,0.00709,1
165,0,0.144,0.0,0.02114,1.0,0.0,193,2,0.0,1,34.0,44,0.05915,0,0.0211382113821,0,0.14314,5.161,1.106,0.00606,1
196,0,0.098,0.0,0.0192,1.0,0.0,255,2,0.0,1,15.0,21,0.14184,0,0.0192046049189,0,0.17495,5.90329,1.607,0.0051,1
175,0,0.236,0.0,0.01924,1.0,0.0,216,2,0.0,1,22.0,31,0.09868,0,0.0192446633826,0,0.16116,4.87379,1.442,0.00571,1
214,0,0.129,0.0,0.01575,1.0,0.0,249,2,0.0,1,51.0,63,0.04083,0,0.0157518318635,0,0.16819,4.92481,1.103,0.00467,1
188,0,0.08,0.0,0.01803,1.0,0.0,223,2,0.0,1,21.0,29,0.09151,0,0.0180339060189,0,0.18015,4.87411,1.394,0.00532,1
217,0,0.134,0.0,0.01489,1.0,0.0,252,2,0.0,1,40.0,57,0.05706,0,0.0148916197303,0,0.19003,4.62383,1.23,0.00461,1
249,0,0.046,0.0,0.01351,1.0,0.0,293,2,0.0,1,20.0,26,0.09359,0,0.013505635445,0,0.13835,4.75534,1.358,0.00402,1
201,0,0.114,0.0,0.01617,1.0,0.0,228,2,0.0,1,34.0,46,0.05729,0,0.0161691542289,0,0.13247,4.59198,1.182,0.00498,1
2,0,0,0.0,1.0,1.0,0.0,1,2,0.0,1,1.0,1,1.0,0,1.0,0,0.0,1.54308,1.0,0.5,1
168,0,0.111,0.0,0.02089,1.0,0.0,203,2,0.0,1,24.0,33,0.08503,0,0.0208867978329,0,0.22306,5.20616,1.237,0.00595,1
211,0,0.059,0.0,0.01629,1.0,0.0,249,2,0.0,1,30.0,40,0.06346,0,0.0162942902279,0,0.14295,4.96167,1.063,0.00474,1
153,0,0.026,0.0,0.02227,1.0,0.0,169,2,0.0,1,45.0,56,0.04422,0,0.0222738218094,0,0.13029,4.93538,1.03,0.00654,1
178,0,0.304,0.0,0.01923,1.0,0.0,212,2,0.0,1,28.0,34,0.06505,0,0.0192344315369,0,0.17193,5.2744,1.238,0.00562,1
204,0,0.079,0.0,0.01637,1.0,0.0,245,2,0.0,1,23.0,33,0.09309,0,0.0163720660678,0,0.15348,4.83048,1.367,0.0049,1
239,0,0.141,0.0,0.01435,1.0,0.0,286,2,0.0,1,23.0,32,0.0796,0,0.0143454871488,0,0.14159,5.05312,1.507,0.00418,1
167,0,-0.027,0.0,0.02034,1.0,0.0,192,2,0.0,1,31.0,42,0.07901,0,0.0203448524637,0,0.19002,4.99147,1.174,0.00599,1
197,0,0.063,0.0,0.01658,1.0,0.0,226,2,0.0,1,18.0,24,0.09924,0,0.016575157982,0,0.11885,4.62908,1.232,0.00508,1
149,0,0.096,0.0,0.02204,1.0,0.0,169,2,0.0,1,24.0,34,0.08894,0,0.0220388173408,0,0.1126,4.66946,1.193,0.00671,1
225,0,0.169,0.0,0.01496,1.0,0.0,268,2,0.0,1,22.0,31,0.09924,0,0.0149603174603,0,0.12517,4.8322,1.377,0.00444,1
180,0,0.108,0.0,0.01831,1.0,0.0,199,2,0.0,1,24.0,33,0.08086,0,0.0183116076971,0,0.15831,4.68601,1.368,0.00556,1
155,0,0.199,0.0,0.02245,1.0,0.0,183,2,0.0,1,26.0,33,0.08578,0,0.0224549643904,0,0.21339,5.24067,1.227,0.00645,1
118,0,0.151,0.0,0.02868,1.0,0.0,139,2,0.0,1,32.0,44,0.06861,0,0.0286831812256,0,0.21417,5.0684,1.025,0.00847,1
186,0,-0.006,0.0,0.01825,1.0,0.0,226,2,0.0,1,20.0,26,0.09824,0,0.0182505085731,0,0.15111,5.01062,1.522,0.00538,1
208,0,0.033,0.0,0.01668,1.0,0.0,243,2,0.0,1,26.0,36,0.07924,0,0.0166759568933,0,0.13659,5.11148,1.262,0.00481,1
7,0,-0.125,0.0,0.61905,1.0,0.0,6,2,0.0,1,3.0,4,0.45584,0,0.619047619048,0,0.74026,5.77859,1.0,0.14286,1
197,0,0.145,0.0,0.01911,1.0,0.0,272,2,0.0,1,13.0,19,0.1458,0,0.019113229048,0,0.1478,5.94282,1.689,0.00508,1
178,0,0.24,0.0,0.01904,1.0,0.0,225,2,0.0,1,18.0,25,0.106,0,0.0190439916206,0,0.2021,5.1364,1.464,0.00562,1
159,0,0.019,0.0,0.0199,1.0,0.0,177,2,0.0,1,42.0,55,0.04981,0,0.019902873975,0,0.14558,4.46961,1.071,0.00629,1
173,0,0.217,0.0,0.02016,1.0,0.0,216,2,0.0,1,15.0,20,0.11868,0,0.0201640005377,0,0.14847,5.10058,1.475,0.00578,1
135,0,0.223,0.0,0.02676,1.0,0.0,170,2,0.0,1,13.0,17,0.13668,0,0.0267551133223,0,0.1925,5.4023,1.245,0.00741,1
211,0,0.164,0.0,0.01607,1.0,0.0,247,2,0.0,1,18.0,25,0.10109,0,0.0160686075378,0,0.09455,4.83394,1.464,0.00474,1
151,0,0.089,0.0,0.02287,1.0,0.0,176,2,0.0,1,33.0,41,0.08169,0,0.0228697571744,0,0.11529,5.02664,1.116,0.00662,1
161,0,0.003,0.0,0.02143,1.0,0.0,185,2,0.0,1,52.0,72,0.04472,0,0.0214285714286,0,0.16827,5.06592,1.013,0.00621,1
202,0,0.164,0.0,0.01645,1.0,0.0,234,2,0.0,1,29.0,40,0.06834,0,0.0164523915078,0,0.14615,4.7298,1.508,0.00495,1
200,0,0.116,0.0,0.01658,1.0,0.0,235,2,0.0,1,26.0,35,0.07249,0,0.0165829145729,0,0.14725,4.74833,1.413,0.005,1
163,0,0.155,0.0,0.02212,1.0,0.0,207,2,0.0,1,12.0,16,0.13789,0,0.0221161857154,0,0.16251,5.50517,1.515,0.00613,1
193,0,0.059,0.0,0.01819,1.0,0.0,233,2,0.0,1,23.0,32,0.09189,0,0.0181886873921,0,0.17737,5.39273,1.308,0.00518,1
178,0,0.239,0.0,0.02012,1.0,0.0,216,2,0.0,1,15.0,21,0.12398,0,0.0201231511458,0,0.17249,5.51188,1.408,0.00562,1
236,0,0.134,0.0,0.01374,1.0,0.0,273,2,0.0,1,24.0,33,0.08056,0,0.0137396321673,0,0.10055,4.63,1.38,0.00424,1
148,0,0.144,0.0,0.02464,1.0,0.0,184,2,0.0,1,20.0,26,0.0914,0,0.0246368817797,0,0.21941,5.8018,1.38,0.00676,1
168,0,0.207,0.0,0.02067,1.0,0.0,208,2,0.0,1,17.0,24,0.11021,0,0.0206729398346,0,0.19925,5.15578,1.243,0.00595,1
169,0,0.184,0.0,0.02078,1.0,0.0,212,2,0.0,1,19.0,25,0.09716,0,0.0207805015497,0,0.19953,5.17999,1.534,0.00592,1
141,0,0.19,0.0,0.02806,1.0,0.0,200,2,0.0,1,13.0,18,0.14539,0,0.0280648429585,0,0.19826,6.71931,1.485,0.00709,1
165,0,0.144,0.0,0.02114,1.0,0.0,193,2,0.0,1,34.0,44,0.05915,0,0.0211382113821,0,0.14314,5.161,1.106,0.00606,1
196,0,0.098,0.0,0.0192,1.0,0.0,255,2,0.0,1,15.0,21,0.14184,0,0.0192046049189,0,0.17495,5.90329,1.607,0.0051,1
175,0,0.236,0.0,0.01924,1.0,0.0,216,2,0.0,1,22.0,31,0.09868,0,0.0192446633826,0,0.16116,4.87379,1.442,0.00571,1
214,0,0.129,0.0,0.01575,1.0,0.0,249,2,0.0,1,51.0,63,0.04083,0,0.0157518318635,0,0.16819,4.92481,1.103,0.00467,1
188,0,0.08,0.0,0.01803,1.0,0.0,223,2,0.0,1,21.0,29,0.09151,0,0.0180339060189,0,0.18015,4.87411,1.394,0.00532,1
217,0,0.134,0.0,0.01489,1.0,0.0,252,2,0.0,1,40.0,57,0.05706,0,0.0148916197303,0,0.19003,4.62383,1.23,0.00461,1
249,0,0.046,0.0,0.01351,1.0,0.0,293,2,0.0,1,20.0,26,0.09359,0,0.013505635445,0,0.13835,4.75534,1.358,0.00402,1
201,0,0.114,0.0,0.01617,1.0,0.0,228,2,0.0,1,34.0,46,0.05729,0,0.0161691542289,0,0.13247,4.59198,1.182,0.00498,1
2,0,0,0.0,1.0,1.0,0.0,1,2,0.0,1,1.0,1,1.0,0,1.0,0,0.0,1.54308,1.0,0.5,1
168,0,0.111,0.0,0.02089,1.0,0.0,203,2,0.0,1,24.0,33,0.08503,0,0.0208867978329,0,0.22306,5.20616,1.237,0.00595,1
211,0,0.059,0.0,0.01629,1.0,0.0,249,2,0.0,1,30.0,40,0.06346,0,0.0162942902279,0,0.14295,4.96167,1.063,0.00474,1
153,0,0.026,0.0,0.02227,1.0,0.0,169,2,0.0,1,45.0,56,0.04422,0,0.0222738218094,0,0.13029,4.93538,1.03,0.00654,1
178,0,0.304,0.0,0.01923,1.0,0.0,212,2,0.0,1,28.0,34,0.06505,0,0.0192344315369,0,0.17193,5.2744,1.238,0.00562,1
204,0,0.079,0.0,0.01637,1.0,0.0,245,2,0.0,1,23.0,33,0.09309,0,0.0163720660678,0,0.15348,4.83048,1.367,0.0049,1
239,0,0.141,0.0,0.01435,1.0,0.0,286,2,0.0,1,23.0,32,0.0796,0,0.0143454871488,0,0.14159,5.05312,1.507,0.00418,1
167,0,-0.027,0.0,0.02034,1.0,0.0,192,2,0.0,1,31.0,42,0.07901,0,0.0203448524637,0,0.19002,4.99147,1.174,0.00599,1
197,0,0.063,0.0,0.01658,1.0,0.0,226,2,0.0,1,18.0,24,0.09924,0,0.016575157982,0,0.11885,4.62908,1.232,0.00508,1
149,0,0.096,0.0,0.02204,1.0,0.0,169,2,0.0,1,24.0,34,0.08894,0,0.0220388173408,0,0.1126,4.66946,1.193,0.00671,1
225,0,0.169,0.0,0.01496,1.0,0.0,268,2,0.0,1,22.0,31,0.09924,0,0.0149603174603,0,0.12517,4.8322,1.377,0.00444,1
180,0,0.108,0.0,0.01831,1.0,0.0,199,2,0.0,1,24.0,33,0.08086,0,0.0183116076971,0,0.15831,4.68601,1.368,0.00556,1
