1386,0,-0.147,0.044,0.00179,1.0,0.0,1605,3,0.037,1,0,0,0,0,0,0,0,0,0,0,4
756,0,-0.095,0.08,0.00324,1.0,0.0,829,3,0.049,1,0,0,0,0,0,0,0,0,0,0,4
1507,0,-0.142,0.384,0.01487,12.0,486.0,111169,56,0.521,1,0,0,0,0,0,0,0,0,0,0,4
816,0,-0.062,0.079,0.00302,1.0,0.0,908,3,0.052,1,0,0,0,0,0,0,0,0,0,0,4
2,0,0,0.0,1.0,1.0,0.0,1,2,0.0,1,0,0,0,0,0,0,0,0,0,0,4
1257,0,-0.146,0.046,0.00192,1.0,0.0,1432,3,0.03,1,89.0,113,0.02668,0,0.00192425601346,0,0.03146,2.90729,1.151,0.0008,4
832,0,0.018,0.037,0.00308,1.0,0.0,1010,3,0.02,1,0,0,0,0,0,0,0,0,0,0,4
2554,0,-0.007,0.254,0.00452,6.0,84.0,15792,22,0.416,1,0,0,0,0,0,0,0,0,0,0,4
855,0,-0.208,0.077,0.00301,1.0,0.0,962,4,0.063,1,0,0,0,0,0,0,0,0,0,0,4
660,0,-0.075,0.037,0.00368,1.0,0.0,761,3,0.02,1,0,0,0,0,0,0,0,0,0,0,4
1540,0,-0.132,0.384,0.01436,12.0,476.0,111158,56,0.515,1,0,0,0,0,0,0,0,0,0,0,4
1257,0,0.004,0.057,0.00216,1.0,0.0,1571,3,0.048,1,0,0,0,0,0,0,0,0,0,0,4
1082,0,0.005,0.024,0.00239,1.0,0.0,1355,3,0.016,1,0,0,0,0,0,0,0,0,0,0,4
719,0,-0.18,0.065,0.00366,1.0,0.0,840,3,0.056,1,0,0,0,0,0,0,0,0,0,0,4
933,0,0.008,0.069,0.00282,1.0,0.0,1114,3,0.054,1,0,0,0,0,0,0,0,0,0,0,4
1524,0,-0.134,0.384,0.01463,12.0,481.0,111136,56,0.501,1,0,0,0,0,0,0,0,0,0,0,4
1500,0,-0.142,0.384,0.01503,12.0,489.0,111114,56,0.511,1,0,0,0,0,0,0,0,0,0,0,4
1096,0,-0.148,0.042,0.00225,1.0,0.0,1264,3,0.031,1,0,0,0,0,0,0,0,0,0,0,4
2457,0,-0.009,0.255,0.00488,6.0,88.0,15719,22,0.43,1,0,0,0,0,0,0,0,0,0,0,4
1096,0,-0.151,0.113,0.00245,1.0,0.0,1200,4,0.123,1,0,0,0,0,0,0,0,0,0,0,4
1390,0,-0.097,0.053,0.002,1.0,0.0,1780,3,0.049,1,0,0,0,0,0,0,0,0,0,0,4
1091,0,-0.09,0.048,0.00226,1.0,0.0,1263,3,0.034,1,0,0,0,0,0,0,0,0,0,0,4
941,0,-0.042,0.047,0.00261,1.0,0.0,1089,3,0.033,1,0,0,0,0,0,0,0,0,0,0,4
1066,0,-0.017,0.063,0.00249,1.0,0.0,1290,3,0.045,1,0,0,0,0,0,0,0,0,0,0,4
1830,0,-0.122,0.067,0.00136,1.0,0.0,2082,3,0.048,1,0,0,0,0,0,0,0,0,0,0,4
1159,0,-0.109,0.065,0.0021,1.0,0.0,1295,3,0.046,1,0,0,0,0,0,0,0,0,0,0,4
1517,0,-0.141,0.384,0.01468,12.0,483.0,111141,56,0.505,1,0,0,0,0,0,0,0,0,0,0,4
1202,0,0.047,0.034,0.00213,1.0,0.0,1468,3,0.03,1,0,0,0,0,0,0,0,0,0,0,4
2559,0,-0.005,0.254,0.0045,6.0,84.0,15747,22,0.42,1,0,0,0,0,0,0,0,0,0,0,4
1232,0,-0.137,0.056,0.00196,1.0,0.0,1385,3,0.04,1,53.0,73,0.03984,0,0.0019636131537,0,0.02846,2.91203,0,0.00081,4
713,0,-0.008,0.042,0.00362,1.0,0.0,864,3,0.024,1,0,0,0,0,0,0,0,0,0,0,4
680,0,0.015,0.044,0.00377,1.0,0.0,816,3,0.026,1,0,0,0,0,0,0,0,0,0,0,4
2488,0,-0.011,0.254,0.00475,6.0,87.0,15750,22,0.426,1,0,0,0,0,0,0,0,0,0,0,4
730,0,0.062,0.037,0.0039,1.0,0.0,985,3,0.033,1,0,0,0,0,0,0,0,0,0,0,4
2524,0,-0.016,0.254,0.00459,6.0,85.0,15727,22,0.414,1,0,0,0,0,0,0,0,0,0,0,4
173,0,0.072,0.054,0.02043,1.0,0.0,210,4,0.054,1,12.0,16,0.16029,0,0.0204328538782,0,0.1257,5.39147,1.875,0.00578,4
205,0,-0.157,0.093,0.01277,1.0,0.0,232,3,0.069,1,23.0,31,0.09098,0,0.012769010043,0,0.0444,3.2591,1.321,0.00488,4
227,0,0.206,0.034,0.01353,1.0,0.0,252,3,0.022,1,25.0,33,0.07614,0,0.01352773771,0,0.06915,4.22664,1.501,0.00441,4
138,0,0.103,0.078,0.02613,1.0,0.0,148,3,0.089,1,13.0,19,0.13581,0,0.0261292711309,0,0.19854,5.49431,1.275,0.00725,4
121,0,0.319,0.041,0.02424,1.0,0.0,128,3,0.029,1,32.0,42,0.07007,0,0.0242424242424,0,0.03816,3.77271,1.06,0.00826,4
123,0,0.132,0.047,0.02572,1.0,0.0,138,3,0.038,1,25.0,33,0.08966,0,0.0257230441157,0,0.11802,4.22567,1.233,0.00813,4
249,0,0.059,0.056,0.01351,1.0,0.0,278,3,0.057,1,23.0,32,0.09323,0,0.013505635445,0,0.16912,5.11198,1.4,0.00402,4
173,0,0.072,0.054,0.02043,1.0,0.0,210,4,0.054,1,12.0,16,0.16029,0,0.0204328538782,0,0.1257,5.39147,1.875,0.00578,4
250,0,0.245,0.072,0.01134,1.0,0.0,279,3,0.052,1,32.0,45,0.06524,0,0.0113413654618,0,0.05958,3.73528,1.354,0.004,4
227,0,0.206,0.034,0.01353,1.0,0.0,252,3,0.022,1,25.0,33,0.07614,0,0.01352773771,0,0.06915,4.22664,1.501,0.00441,4
138,0,0.103,0.078,0.02613,1.0,0.0,148,3,0.089,1,13.0,19,0.13581,0,0.0261292711309,0,0.19854,5.49431,1.275,0.00725,4
121,0,0.319,0.041,0.02424,1.0,0.0,128,3,0.029,1,32.0,42,0.07007,0,0.0242424242424,0,0.03816,3.77271,1.06,0.00826,4
123,0,0.132,0.047,0.02572,1.0,0.0,138,3,0.038,1,25.0,33,0.08966,0,0.0257230441157,0,0.11802,4.22567,1.233,0.00813,4
249,0,0.059,0.056,0.01351,1.0,0.0,278,3,0.057,1,23.0,32,0.09323,0,0.013505635445,0,0.16912,5.11198,1.4,0.00402,4
