0.879939209726,1
0.963037974684,2
0.8515704154,3
0.955443037975,4
0.925025329281,5
0.900709219858,6
0.966058763931,7
0.956433637285,8
0.968591691996,9
0.899696048632,10
0.966058763931,11
0.965552178318,12
0.96251266464,13
0.953394123607,14
0.965569620253,15
0.930632911392,16
0.96757852077,17
0.934143870314,18
0.954936708861,19
0.869300911854,20
0.96757852077,21
0.968591691996,22
0.909873417722,23
0.946301925025,24
0.965045592705,25
0.96757852077,26
0.950354609929,27
0.956433637285,28
0.953394123607,29
0.950379746835,30
0.964539007092,31
0.971124620061,32
0.896149949341,33
0.974670719352,34
0.966058763931,35
0.939716312057,36
0.956940222898,37
0.95896656535,38
0.927051671733,39
0.938703140831,40
0.964556962025,41
0.837386018237,42
0.954407294833,43
0.911898734177,44
0.942249240122,45
0.934650455927,46
0.924050632911,47
0.809017223911,48
0.949848024316,49
0.954913880446,50
0.974683544304,51
0.966565349544,52
0.958987341772,53
0.96251266464,54
0.963019250253,55
0.897163120567,56
0.703647416413,57
0.964050632911,58
0.873353596758,59
0.961499493414,60
0.960486322188,61
0.966075949367,62
0.870820668693,63
0.935663627153,64
0.935663627153,65
0.933130699088,66
0.96757852077,67
0.966565349544,68
0.969098277609,69
0.94883485309,70
0.792299898683,71
0.973670886076,72
0.964032421479,73
0.960486322188,74
0.964050632911,75
0.97619047619,76
0.974670719352,77
0.961518987342,78
0.966058763931,79
0.965569620253,80
0.905268490375,81
0.841012658228,82
0.974164133739,83
0.954913880446,84
0.361195542047,85
0.957953394124,86
0.967071935157,87
0.935189873418,88
0.936676798379,89
0.94022289767,90
0.936708860759,91
0.94835443038,92
0.966058763931,93
0.965569620253,94
0.964050632911,95
0.961518987342,96
0.956940222898,97
0.841945288754,98
0.964539007092,99
0.956940222898,100
0.920466058764,101
0.920972644377,102
0.946301925025,103
0.968101265823,104
0.96757852077,105
0.529620253165,106
0.96757852077,107
0.96757852077,108
0.950354609929,109
0.966582278481,110
0.949367088608,111
0.964556962025,112
0.922492401216,113
0.945795339412,114
0.965063291139,115
0.944782168186,116
0.904255319149,117
0.838905775076,118
0.958987341772,119
0.973670886076,120
0.957953394124,121
0.967071935157,122
0.96251266464,123
0.970111448835,124
0.942755825735,125
0.974670719352,126
0.78835443038,127
0.877406281662,128
0.941742654509,129
0.934143870314,130
0.961499493414,131
0.954407294833,132
0.973150962513,133
0.964032421479,134
0.96757852077,135
0.946301925025,136
0.970618034448,137
0.97619047619,138
0.964032421479,139
0.960486322188,140
0.969604863222,141
0.900202634245,142
0.955927051672,143
0.956940222898,144
0.968085106383,145
0.951392405063,146
0.961499493414,147
0.96253164557,148
0.959979736575,149
0.965063291139,150
0.948860759494,151
0.969604863222,152
0.963525835866,153
0.963019250253,154
0.925531914894,155
0.908814589666,156
0.966058763931,157
0.96757852077,158
0.963525835866,159
0.960486322188,160
0.966565349544,161
0.968085106383,162
0.944275582573,163
0.953394123607,164
0.946808510638,165
0.963019250253,166
0.923544303797,167
0.960506329114,168
0.965045592705,169
0.965063291139,170
0.951367781155,171
0.970111448835,172
0.970618034448,173
0.965552178318,174
0.945316455696,175
0.966058763931,176
0.967071935157,177
0.925531914894,178
0.960486322188,179
0.943262411348,180
0.920972644377,181
0.944303797468,182
0.940729483283,183
0.96251266464,184
0.94582278481,185
0.965569620253,186
0.962006079027,187
0.964032421479,188
0.965063291139,189
0.960992907801,190
0.687436676798,191
0.918946301925,192
0.964032421479,193
0.964032421479,194
0.828774062817,195
0.850557244174,196
0.957446808511,197
0.963037974684,198
0.963525835866,199
0.965552178318,200
