0.855029585799,1
0.873889875666,2
0.787448194198,3
0.8756660746,4
0.857312018946,5
0.88395500296,6
0.882178804026,7
0.859171597633,8
0.880994671403,9
0.865600947306,10
0.879218472469,11
0.801183431953,12
0.887507400829,13
0.870337477798,14
0.891059798697,15
0.870929544109,16
0.830669034932,17
0.824156305506,18
0.715216104204,19
0.87100591716,20
0.862640615749,21
0.880994671403,22
0.313203078745,23
0.737122557726,24
0.861538461538,25
0.840828402367,26
0.894020130255,27
0.863824748372,28
0.860272350503,29
0.743043220841,30
0.867969212552,31
0.856719952635,32
0.837181764358,33
0.857312018946,34
0.885731201895,35
0.87981053878,36
0.869153345175,37
0.8549437537,38
0.878626406157,39
0.85079928952,40
0.670811130847,41
0.862640615749,42
0.872705743043,43
0.269982238011,44
0.882178804026,45
0.878034339846,46
0.86323268206,47
0.874481941978,48
0.843102427472,49
0.886323268206,50
0.836686390533,51
0.873889875666,52
0.875074008289,53
0.847928994083,54
0.847838957963,55
0.856719952635,56
0.8756660746,57
0.866193013618,58
0.878626406157,59
0.808170515098,60
0.866272189349,61
0.355239786856,62
0.87152161042,63
0.877514792899,64
0.845470692718,65
0.843102427472,66
0.844878626406,67
0.873297809355,68
0.858579881657,69
0.863824748372,70
0.835997631735,71
0.86323268206,72
0.873889875666,73
0.869153345175,74
0.87981053878,75
0.862721893491,76
0.863824748372,77
0.874481941978,78
0.879881656805,79
0.862048549438,80
0.878626406157,81
0.759171597633,82
0.87981053878,83
0.882178804026,84
0.877442273535,85
0.65325443787,86
0.802249851983,87
0.879218472469,88
0.858496151569,89
0.868639053254,90
0.879218472469,91
0.865600947306,92
0.872705743043,93
0.804618117229,94
0.869745411486,95
0.878626406157,96
0.773830669035,97
0.880402605092,98
0.887507400829,99
0.898164594435,100
