0.948989412897,1
0.944123314066,2
0.940269749518,3
0.947976878613,4
0.943159922929,5
0.94894026975,6
0.935452793834,7
0.798651252408,8
0.839113680154,9
0.95472061657,10
0.944123314066,11
0.959576515881,12
0.95572666025,13
0.947976878613,14
0.949903660886,15
0.902697495183,16
0.922928709056,17
0.952793834297,18
0.90655105973,19
0.414821944177,20
0.958574181118,21
0.95183044316,22
0.946102021174,23
0.882579403272,24
0.945086705202,25
0.835260115607,26
0.940269749518,27
0.929672447013,28
0.924927815207,29
0.941233140655,30
0.964354527938,31
0.948026948989,32
0.929672447013,33
0.940327237729,34
0.955684007707,35
0.825626204239,36
0.945086705202,37
0.952793834297,38
0.928709055877,39
0.939306358382,40
0.944123314066,41
0.919153031761,42
0.941233140655,43
0.956689124158,44
0.950867052023,45
0.893063583815,46
0.921001926782,47
0.93063583815,48
0.94894026975,49
0.947976878613,50
0.835260115607,51
0.942196531792,52
0.947976878613,53
0.925818882466,54
0.963391136802,55
0.936477382098,56
0.954764196343,57
0.875722543353,58
0.915303176131,59
0.956689124158,60
0.950867052023,61
0.918111753372,62
0.907514450867,63
0.920038535645,64
0.953801732435,65
0.915221579961,66
0.880654475457,67
0.960500963391,68
0.946050096339,69
0.967244701349,70
0.909441233141,71
0.928709055877,72
0.918190567854,73
0.88246628131,74
0.348747591522,75
0.947013487476,76
0.946050096339,77
0.950914340712,78
0.947013487476,79
0.919075144509,80
0.937379576108,81
0.938342967245,82
0.947013487476,83
0.960500963391,84
0.948989412897,85
0.960500963391,86
0.970134874759,87
0.938342967245,88
0.860308285164,89
0.939306358382,90
0.944123314066,91
0.924855491329,92
0.790944123314,93
0.941289701636,94
0.931599229287,95
0.924855491329,96
0.902697495183,97
0.939306358382,98
0.936416184971,99
0.95187680462,100
