0.856454720617,1
0.944123314066,2
0.957610789981,3
0.944177093359,4
0.949903660886,5
0.947013487476,6
0.942196531792,7
0.926782273603,8
0.938342967245,9
0.968208092486,10
0.851637764933,11
0.95472061657,12
0.958574181118,13
0.949903660886,14
0.913294797688,15
0.90655105973,16
0.950867052023,17
0.891136801541,18
0.911368015414,19
0.894026974952,20
0.886319845857,21
0.86333012512,22
0.94894026975,23
0.892100192678,24
0.946050096339,25
0.953801732435,26
0.95183044316,27
0.914258188825,28
0.963391136802,29
0.942196531792,30
0.956647398844,31
0.958574181118,32
0.940327237729,33
0.937439846006,34
0.940269749518,35
0.937379576108,36
0.949903660886,37
0.937379576108,38
0.911368015414,39
0.949903660886,40
0.845857418112,41
0.950867052023,42
0.898843930636,43
0.947064485082,44
0.95183044316,45
0.918111753372,46
0.568400770713,47
0.938342967245,48
0.947013487476,49
0.956647398844,50
