0.952793834297,1
0.960500963391,2
0.934489402697,3
0.943159922929,4
0.950867052023,5
0.95572666025,6
0.94894026975,7
0.928709055877,8
0.962463907603,9
0.943159922929,10
0.953757225434,11
0.950914340712,12
0.947013487476,13
0.950867052023,14
0.92781520693,15
0.950867052023,16
0.907514450867,17
0.959537572254,18
0.949903660886,19
0.910404624277,20
0.95472061657,21
0.898843930636,22
0.940269749518,23
0.949951876805,24
0.860308285164,25
0.929672447013,26
0.956647398844,27
0.908477842004,28
0.933589990375,29
0.887283236994,30
0.90366088632,31
0.961464354528,32
0.948989412897,33
0.944123314066,34
0.947976878613,35
0.897016361886,36
0.923002887392,37
0.947976878613,38
0.881616939365,39
0.94894026975,40
0.953801732435,41
0.941233140655,42
0.890173410405,43
0.915221579961,44
0.95572666025,45
0.946050096339,46
0.947976878613,47
0.955684007707,48
0.898941289702,49
0.950867052023,50
0.893063583815,51
0.942196531792,52
0.90366088632,53
0.875722543353,54
0.932562620424,55
0.952839268527,56
0.950867052023,57
0.950914340712,58
0.921077959577,59
0.928777670837,60
0.947976878613,61
0.945086705202,62
0.917148362235,63
0.942196531792,64
0.964354527938,65
0.950867052023,66
0.953757225434,67
0.941289701636,68
0.937379576108,69
0.836381135707,70
0.952793834297,71
0.956689124158,72
0.945086705202,73
0.942196531792,74
0.963426371511,75
0.949951876805,76
0.95183044316,77
0.904624277457,78
0.946102021174,79
0.950867052023,80
0.949903660886,81
0.94894026975,82
0.947013487476,83
0.953801732435,84
0.92774566474,85
0.945086705202,86
0.950867052023,87
0.957651588065,88
0.932562620424,89
0.868015414258,90
0.923892100193,91
0.955684007707,92
0.934489402697,93
0.871992300289,94
0.95472061657,95
0.919075144509,96
0.930702598653,97
0.949903660886,98
0.94894026975,99
0.940327237729,100
0.942196531792,101
0.920038535645,102
0.944123314066,103
0.938342967245,104
0.956689124158,105
0.942252165544,106
0.947976878613,107
0.800578034682,108
0.946050096339,109
0.940269749518,110
0.963426371511,111
0.893063583815,112
0.850674373796,113
0.939306358382,114
0.956647398844,115
0.946102021174,116
0.867052023121,117
0.94894026975,118
0.910404624277,119
0.945086705202,120
0.952793834297,121
0.936416184971,122
0.947013487476,123
0.942196531792,124
0.924855491329,125
0.959537572254,126
0.922040423484,127
0.937379576108,128
0.953757225434,129
0.95183044316,130
0.955684007707,131
0.940327237729,132
0.952793834297,133
0.918111753372,134
0.932562620424,135
0.938342967245,136
0.595375722543,137
0.957610789981,138
0.918111753372,139
0.957610789981,140
0.94894026975,141
0.955684007707,142
0.920038535645,143
0.95472061657,144
0.944123314066,145
0.926782273603,146
0.895091434071,147
0.944123314066,148
0.956647398844,149
0.932562620424,150
0.884393063584,151
0.944123314066,152
0.942196531792,153
0.958574181118,154
0.949903660886,155
0.93063583815,156
0.919075144509,157
0.939306358382,158
0.947013487476,159
0.947976878613,160
0.954764196343,161
0.943214629451,162
0.94894026975,163
0.93063583815,164
0.939306358382,165
0.926852743022,166
0.938402309913,167
0.943159922929,168
0.935452793834,169
0.92774566474,170
0.95183044316,171
0.946050096339,172
0.945086705202,173
0.944123314066,174
0.950867052023,175
0.950867052023,176
0.940269749518,177
0.938342967245,178
0.958574181118,179
0.948989412897,180
0.948026948989,181
0.95183044316,182
0.960500963391,183
0.940269749518,184
0.953757225434,185
0.953757225434,186
0.955684007707,187
0.936416184971,188
0.886319845857,189
0.93063583815,190
0.885466794995,191
0.934552454283,192
0.963426371511,193
0.946050096339,194
0.956647398844,195
0.683044315992,196
0.921965317919,197
0.953757225434,198
0.928709055877,199
0.954764196343,200
