0.920672054445,1
0.92258613356,2
0.915780518928,3
0.692471288813,4
0.829008932369,5
0.925138239047,6
0.909612930668,7
0.921522756274,8
0.932369204594,9
0.93811144194,10
0.936835389196,11
0.921310080817,12
0.887282007656,13
0.914504466185,14
0.924287537218,15
0.872394725649,16
0.919625770785,17
0.934921310081,18
0.918545299872,19
0.925154156921,20
0.918775249841,21
0.926839642705,22
0.863887707359,23
0.919608677159,24
0.861760952786,25
0.920672054445,26
0.910463632497,27
0.920459378988,28
0.933857932795,29
0.913228413441,30
0.8606975755,31
0.887282007656,32
0.938324117397,33
0.919396001701,34
0.901743938749,35
0.924287537218,36
0.876860910251,37
0.800085070183,38
0.912590387069,39
0.826882177797,40
0.916011056772,41
0.916861577716,42
0.914717141642,43
0.923862186304,44
0.829859634198,45
0.917907273501,46
0.782433007231,47
0.907698851553,48
0.867077839217,49
0.887943865618,50
0.927903019991,51
0.803487877499,52
0.465447586647,53
0.796044236495,54
0.855198809271,55
0.904954284499,56
0.921310080817,57
0.887920034028,58
0.896639727775,59
0.937061450138,60
0.903445342407,61
0.914717141642,62
0.919396001701,63
0.919183326244,64
0.887707358571,65
0.936622713739,66
0.908549553382,67
0.856231390897,68
0.929619391878,69
0.92258613356,70
0.933857932795,71
0.923862186304,72
0.933857932795,73
0.92024670353,74
0.911314334326,75
0.925776265419,76
0.912590387069,77
0.920884729902,78
0.786093982564,79
0.918775249841,80
0.917694598043,81
0.852647246438,82
0.921948107188,83
0.896852403233,84
0.910038281582,85
0.898553806891,86
0.918562619605,87
0.914504466185,88
0.930029774564,89
0.870480646533,90
0.928541046363,91
0.918332624415,92
0.909612930668,93
0.926201616333,94
0.893449595917,95
0.87771161208,96
0.91025095704,97
0.919183326244,98
0.893024245002,99
0.910463632497,100
0.755475228578,101
0.912165036155,102
0.874521480221,103
0.929179072735,104
0.879413015738,105
0.920459378988,106
0.895576350489,107
0.898575377419,108
0.921539442909,109
0.915993194385,110
0.923240484797,111
0.930880476393,112
0.897490429604,113
0.837303275202,114
0.927690344534,115
0.909419519456,116
0.92960442365,117
0.92726499362,118
0.863887707359,119
0.860059549128,120
0.891110165887,121
0.924287537218,122
0.854135658091,123
0.924074861761,124
0.91025095704,125
0.926201616333,126
0.905592175207,127
0.930682543058,128
0.503615482773,129
0.94193960017,130
0.874734155678,131
0.865589111017,132
0.927477669077,133
0.91875797533,134
0.693960017014,135
0.827520204168,136
0.838366652488,137
0.899000637891,138
0.861973628243,139
0.889834113143,140
0.784134410889,141
0.932794555508,142
0.930682543058,143
0.908568998512,144
0.929391748192,145
0.901743938749,146
0.597405359422,147
0.917907273501,148
0.921948107188,149
0.877924287537,150
0.918970650787,151
0.924287537218,152
0.920884729902,153
0.917694598043,154
0.909187579753,155
0.920884729902,156
0.910038281582,157
0.917286838188,158
0.918332624415,159
0.921522756274,160
0.905784772437,161
0.921097405359,162
0.881539770311,163
0.899000637891,164
0.789876648235,165
0.895576350489,166
0.889621437686,167
0.870693321991,168
0.257124627818,169
0.924941526685,170
0.920884729902,171
0.917694598043,172
0.923862186304,173
0.913866439813,174
0.902807316036,175
0.930029774564,176
0.927477669077,177
0.914735275356,178
0.926626967248,179
0.863462356444,180
0.905997447895,181
0.919396001701,182
0.918545299872,183
0.927690344534,184
0.918119948958,185
0.724431214119,186
0.928753721821,187
0.877073585708,188
0.718417694598,189
0.730327520204,190
0.654402381965,191
0.91452264512,192
0.908124202467,193
0.921735431731,194
0.92258613356,195
0.863916648947,196
0.900467886006,197
0.928130980225,198
0.917286838188,199
0.917924728896,200
0.817949808592,201
0.926855198809,202
0.930455125479,203
0.908356368276,204
0.922798809017,205
0.918332624415,206
0.91025095704,207
0.920672054445,208
0.70820927265,209
0.927690344534,210
0.81731178222,211
0.916631220757,212
0.732879625691,213
0.86920459379,214
0.85219055721,215
0.906210123352,216
0.915567843471,217
0.719693747342,218
0.853891960868,219
0.922373458103,220
0.932369204594,221
0.859664044227,222
0.873697639804,223
0.865830321072,224
0.910057410164,225
0.898553806891,226
0.927903019991,227
0.888132709485,228
0.91025095704,229
0.853466609953,230
0.938749468311,231
0.904083368779,232
0.870693321991,233
0.656741811995,234
0.919396001701,235
0.880263717567,236
0.935559336453,237
0.912803062527,238
0.8885580604,239
0.885367928541,240
0.9155857963,241
0.924941526685,242
0.885367928541,243
0.923649510846,244
0.935559336453,245
0.790089323692,246
0.917481922586,247
0.915567843471,248
0.899829859634,249
0.919396001701,250
0.777541471714,251
0.805614632071,252
0.921948107188,253
0.88239047214,254
0.863887707359,255
0.912803062527,256
0.878349638452,257
0.928753721821,258
0.914504466185,259
0.858783496385,260
0.93323410589,261
0.858600893047,262
0.849425776265,263
0.671629094003,264
0.859846873671,265
0.784134410889,266
0.8885580604,267
0.92024670353,268
0.736282433007,269
0.766744631087,270
0.786944503508,271
0.93109315185,272
0.922815224325,273
0.91407911527,274
0.847969381246,275
0.925579417393,276
0.920884729902,277
0.884942577627,278
0.919821352616,279
0.862002976823,280
0.917694598043,281
0.911527009783,282
0.678222033177,283
0.905359421523,284
0.833900467886,285
0.806890684815,286
0.943641003828,287
0.701190982561,288
0.904083368779,289
0.908974904296,290
0.879625691195,291
0.932596215182,292
0.811184350415,293
0.896427052318,294
0.921735431731,295
0.873670778392,296
0.941088898341,297
0.853891960868,298
0.926201616333,299
0.897703105062,300
