0.867969212552,1
0.834813499112,2
0.856127886323,3
0.829484902309,4
0.869745411486,5
0.798697454115,6
0.8756660746,7
0.705150976909,8
0.83550295858,9
0.880402605092,10
0.868047337278,11
0.886915334517,12
0.848431024275,13
0.863313609467,14
0.835405565423,15
0.827218934911,16
0.851391355832,17
0.85079928952,18
0.85079928952,19
0.879218472469,20
0.720544701007,21
0.875074008289,22
0.703966844287,23
0.85798816568,24
0.87573964497,25
0.847246891652,26
0.878626406157,27
0.880473372781,28
0.828300769686,29
0.878626406157,30
0.625814091178,31
0.876850207223,32
0.866785079929,33
0.84665482534,34
0.852575488455,35
0.890467732386,36
0.872705743043,37
0.868561278863,38
0.873889875666,39
0.863824748372,40
0.884547069272,41
0.852662721893,42
0.836589698046,43
0.798224852071,44
0.867455621302,45
0.862048549438,46
0.796329188869,47
0.833629366489,48
0.86323268206,49
0.870337477798,50
0.870414201183,51
0.873889875666,52
0.640615748964,53
0.8756660746,54
0.865600947306,55
0.876258140912,56
0.83007696862,57
0.876258140912,58
0.879218472469,59
0.886323268206,60
0.847838957963,61
0.870337477798,62
0.851391355832,63
0.877442273535,64
0.87981053878,65
0.592066311427,66
0.563055062167,67
0.792184724689,68
0.846153846154,69
0.705743043221,70
0.880402605092,71
0.879218472469,72
0.872189349112,73
0.844378698225,74
0.824156305506,75
0.876258140912,76
0.874481941978,77
0.86737714624,78
0.866785079929,79
0.835405565423,80
0.637655417407,81
0.876258140912,82
0.577514792899,83
0.883362936649,84
0.878626406157,85
0.864416814683,86
0.862048549438,87
0.754437869822,88
0.873889875666,89
0.86737714624,90
0.878698224852,91
0.87100591716,92
0.877442273535,93
0.859171597633,94
0.817643576081,95
0.835997631735,96
0.881656804734,97
0.859680284192,98
0.87981053878,99
0.873889875666,100
0.873297809355,101
0.885731201895,102
0.881586737715,103
0.879881656805,104
0.838957963292,105
0.859680284192,106
0.869745411486,107
0.847246891652,108
0.696269982238,109
0.870929544109,110
0.873889875666,111
0.733570159858,112
0.87981053878,113
0.869745411486,114
0.828300769686,115
0.873889875666,116
0.884547069272,117
0.882770870337,118
0.863313609467,119
0.839550029603,120
0.880402605092,121
0.878626406157,122
0.844878626406,123
0.86737714624,124
0.868047337278,125
0.867969212552,126
0.864416814683,127
0.841326228538,128
0.805802249852,129
0.870337477798,130
0.869745411486,131
0.873297809355,132
0.882178804026,133
0.839550029603,134
0.882178804026,135
0.884547069272,136
0.867969212552,137
0.869230769231,138
0.874481941978,139
0.872705743043,140
0.823668639053,141
0.877442273535,142
0.876258140912,143
0.763765541741,144
0.869745411486,145
0.877442273535,146
0.882178804026,147
0.855621301775,148
0.847337278107,149
0.87981053878,150
0.879218472469,151
0.87152161042,152
0.86737714624,153
0.876850207223,154
0.870929544109,155
0.837181764358,156
0.867969212552,157
0.86737714624,158
0.877442273535,159
0.875074008289,160
0.846062759029,161
0.883431952663,162
0.857396449704,163
0.877442273535,164
0.883362936649,165
0.865008880995,166
0.803433984606,167
0.872705743043,168
0.859680284192,169
0.87152161042,170
0.882178804026,171
0.880994671403,172
0.860864416815,173
0.855535820012,174
0.884547069272,175
0.8756660746,176
0.87981053878,177
0.878698224852,178
0.851391355832,179
0.87981053878,180
0.878626406157,181
0.87100591716,182
0.83007696862,183
0.866785079929,184
0.687981053878,185
0.853167554766,186
0.87152161042,187
0.863905325444,188
0.793368857312,189
0.870929544109,190
0.679692125518,191
0.866193013618,192
0.867455621302,193
0.877442273535,194
0.878034339846,195
0.806394316163,196
0.833629366489,197
0.792776791001,198
0.879881656805,199
0.850207223209,200
0.869153345175,201
0.723505032564,202
0.877514792899,203
0.866272189349,204
0.836094674556,205
0.857904085258,206
0.873297809355,207
0.642603550296,208
0.88395500296,209
0.844286560095,210
0.861456483126,211
0.753700414446,212
0.834813499112,213
0.8549437537,214
0.870929544109,215
0.859171597633,216
0.870929544109,217
0.847838957963,218
0.881586737715,219
0.819526627219,220
0.850207223209,221
0.854351687389,222
0.554174067496,223
0.874481941978,224
0.862640615749,225
0.856719952635,226
0.948520710059,227
0.881586737715,228
0.693309650681,229
0.872705743043,230
0.882178804026,231
0.869153345175,232
0.881656804734,233
0.860864416815,234
0.867969212552,235
0.843102427472,236
0.877442273535,237
0.87152161042,238
0.872113676732,239
0.840142095915,240
0.87152161042,241
0.808170515098,242
0.872113676732,243
0.877514792899,244
0.873297809355,245
0.863824748372,246
0.86737714624,247
0.868639053254,248
0.875074008289,249
0.872189349112,250
0.879218472469,251
0.824156305506,252
0.874481941978,253
0.86323268206,254
0.819526627219,255
0.754292480758,256
0.880402605092,257
0.888691533452,258
0.876258140912,259
0.873889875666,260
0.862640615749,261
0.8549437537,262
0.878106508876,263
0.711071640024,264
0.876258140912,265
0.869745411486,266
0.84251036116,267
0.847337278107,268
0.853759621078,269
0.870337477798,270
0.861456483126,271
0.865008880995,272
0.59739490823,273
0.874481941978,274
0.810538780343,275
0.87152161042,276
0.852575488455,277
0.716568047337,278
0.445825932504,279
0.880402605092,280
0.868047337278,281
0.862640615749,282
0.843694493783,283
0.868561278863,284
0.868561278863,285
0.875147928994,286
0.876258140912,287
0.668639053254,288
0.877442273535,289
0.877514792899,290
0.858496151569,291
0.860272350503,292
0.856719952635,293
0.88395500296,294
0.877442273535,295
0.871597633136,296
0.875147928994,297
0.862721893491,298
0.873297809355,299
0.879218472469,300
