0.890467732386,1
0.888691533452,2
0.831853167555,3
0.872113676732,4
0.867969212552,5
0.878106508876,6
0.878626406157,7
0.884547069272,8
0.882178804026,9
0.413262285376,10
0.519526627219,11
0.867455621302,12
0.870929544109,13
0.879289940828,14
0.862640615749,15
0.791715976331,16
0.86323268206,17
0.85908821788,18
0.865008880995,19
0.865600947306,20
0.879881656805,21
0.870929544109,22
0.881586737715,23
0.869153345175,24
0.870337477798,25
0.885139135583,26
0.86737714624,27
0.873889875666,28
0.88395500296,29
0.850295857988,30
0.861456483126,31
0.773372781065,32
0.883362936649,33
0.85798816568,34
0.865600947306,35
0.881586737715,36
0.851391355832,37
0.840142095915,38
0.831952662722,39
0.878626406157,40
0.870414201183,41
0.804142011834,42
0.851391355832,43
0.872113676732,44
0.874481941978,45
0.884023668639,46
0.861456483126,47
0.761397276495,48
0.8756660746,49
0.843694493783,50
